-1	-3.24155	0.6
-0.5	3.3941	0.768294
0	8.27279	0.44864
0.5	10.0931	0.682424
1	10.3117	0.542419
1.5	10.5508	0.57353
2	10.6857	0.401644
2.5	10.4674	0.409249
3	10.7254	0.784005
3.5	12.1377	0.474022
4	14.1219	0.498727
4.5	15.7887	0.799763
5	17.1146	0.501796
5.5	18.2572	0.4796
6	18.4859	0.787906
6.5	16.9425	0.413981
7	14.0078	0.400158
7.5	10.8402	0.594696
8	7.93324	0.519187
8.5	5.24982	0.655877


-1	-2.95751	-2.54331	-3.37171
-0.99	-2.82887	-2.4107	-3.24703
-0.98	-2.70014	-2.278	-3.12229
-0.97	-2.57135	-2.1452	-2.99749
-0.96	-2.44249	-2.01233	-2.87265
-0.95	-2.31358	-1.87939	-2.74776
-0.94	-2.18462	-1.7464	-2.62285
-0.93	-2.05564	-1.61336	-2.49792
-0.92	-1.92664	-1.4803	-2.37298
-0.91	-1.79763	-1.34723	-2.24804
-0.9	-1.66863	-1.21414	-2.12312
-0.89	-1.53964	-1.08107	-1.99822
-0.88	-1.41069	-0.948025	-1.87335
-0.87	-1.28177	-0.815014	-1.74853
-0.86	-1.15291	-0.682053	-1.62377
-0.85	-1.02412	-0.549157	-1.49908
-0.84	-0.895403	-0.416339	-1.37447
-0.83	-0.766782	-0.283614	-1.24995
-0.82	-0.638267	-0.150997	-1.12554
-0.81	-0.509872	-0.0185028	-1.00124
-0.8	-0.381611	0.113854	-0.877075
-0.79	-0.253497	0.246057	-0.753051
-0.78	-0.125545	0.378091	-0.629182
-0.77	0.0022305	0.509941	-0.50548
-0.76	0.129816	0.641591	-0.381959
-0.75	0.257196	0.773024	-0.258632
-0.74	0.384356	0.904225	-0.135512
-0.73	0.511282	1.03518	-0.0126125
-0.72	0.637958	1.16586	0.110053
-0.71	0.764369	1.29627	0.232472
-0.7	0.890499	1.42637	0.354629
-0.69	1.01633	1.55616	0.476511
-0.68	1.14186	1.68561	0.598104
-0.67	1.26705	1.81471	0.719394
-0.66	1.39191	1.94345	0.840368
-0.65	1.5164	2.0718	0.96101
-0.64	1.64052	2.19974	1.08131
-0.63	1.76425	2.32726	1.20124
-0.62	1.88758	2.45435	1.32081
-0.61	2.01048	2.58097	1.43998
-0.6	2.13294	2.70713	1.55875
-0.59	2.25494	2.83278	1.6771
-0.58	2.37648	2.95793	1.79502
-0.57	2.49752	3.08255	1.9125
-0.56	2.61807	3.20662	2.02951
-0.55	2.73809	3.33013	2.14605
-0.54	2.85757	3.45305	2.2621
-0.53	2.97651	3.57537	2.37764
-0.52	3.09487	3.69707	2.49267
-0.51	3.21264	3.81813	2.60716
-0.5	3.32982	3.93854	2.7211
-0.49	3.44637	4.05827	2.83448
-0.48	3.5623	4.17731	2.94728
-0.47	3.67757	4.29564	3.05949
-0.46	3.79217	4.41325	3.1711
-0.45	3.9061	4.53011	3.28208
-0.44	4.01932	4.64621	3.39244
-0.43	4.13184	4.76153	3.50214
-0.42	4.24362	4.87605	3.61119
-0.41	4.35466	4.98976	3.71956
-0.4	4.46494	5.10264	3.82724
-0.39	4.57445	5.21467	3.93423
-0.38	4.68316	5.32583	4.04049
-0.37	4.79108	5.43612	4.14603
-0.36	4.89817	5.54551	4.25083
-0.35	5.00444	5.65399	4.35488
-0.34	5.10985	5.76155	4.45816
-0.33	5.21441	5.86816	4.56066
-0.32	5.31809	5.97381	4.66238
-0.31	5.42089	6.07849	4.76329
-0.3	5.52278	6.18219	4.86338
-0.29	5.62377	6.28488	4.96266
-0.28	5.72382	6.38656	5.06109
-0.27	5.82294	6.4872	5.15868
-0.26	5.92111	6.58681	5.25542
-0.25	6.01832	6.68536	5.35128
-0.24	6.11456	6.78285	5.44627
-0.23	6.20981	6.87925	5.54037
-0.22	6.30407	6.97457	5.63357
-0.21	6.39732	7.06878	5.72586
-0.2	6.48956	7.16188	5.81724
-0.19	6.58077	7.25385	5.9077
-0.18	6.67096	7.34469	5.99722
-0.17	6.76009	7.43438	6.0858
-0.16	6.84818	7.52292	6.17344
-0.15	6.93521	7.6103	6.26012
-0.14	7.02117	7.69651	6.34584
-0.13	7.10606	7.78153	6.43058
-0.12	7.18987	7.86537	6.51436
-0.11	7.27258	7.94802	6.59715
-0.1	7.35421	8.02946	6.67895
-0.09	7.43473	8.1097	6.75977
-0.08	7.51415	8.18872	6.83958
-0.07	7.59246	8.26653	6.9184
-0.06	7.66966	8.34311	6.99621
-0.05	7.74573	8.41846	7.07301
-0.04	7.82069	8.49258	7.1488
-0.03	7.89452	8.56547	7.22357
-0.02	7.96722	8.63712	7.29732
-0.01	8.03879	8.70752	7.37006
0	8.10923	8.77669	7.44177
0.01	8.17853	8.84727	7.5098
0.02	8.2467	8.9166	7.57681
0.03	8.31374	8.98469	7.64279
0.04	8.37964	9.05153	7.70774
0.05	8.4444	9.11713	7.77167
0.06	8.50803	9.18148	7.83458
0.07	8.57052	9.24459	7.89646
0.08	8.63189	9.30646	7.95732
0.09	8.69212	9.36709	8.01715
0.1	8.75123	9.42648	8.07597
0.11	8.80921	9.48464	8.13377
0.12	8.86607	9.54158	8.19056
0.13	8.92181	9.59729	8.24634
0.14	8.97644	9.65178	8.3011
0.15	9.02996	9.70505	8.35487
0.16	9.08238	9.75712	8.40763
0.17	9.13369	9.80798	8.4594
0.18	9.18392	9.85765	8.51018
0.19	9.23305	9.90613	8.55998
0.2	9.28111	9.95343	8.60879
0.21	9.32809	9.99955	8.65663
0.22	9.374	10.0445	8.70351
0.23	9.41886	10.0883	8.74942
0.24	9.46266	10.131	8.79437
0.25	9.50543	10.1725	8.83838
0.26	9.54715	10.2128	8.88145
0.27	9.58785	10.2521	8.92359
0.28	9.62753	10.2903	8.9648
0.29	9.66621	10.3273	9.0051
0.3	9.70389	10.3633	9.04449
0.31	9.74058	10.3982	9.08298
0.32	9.7763	10.432	9.12058
0.33	9.81104	10.4648	9.15729
0.34	9.84484	10.4965	9.19314
0.35	9.87768	10.5272	9.22812
0.36	9.9096	10.5569	9.26226
0.37	9.94059	10.5856	9.29555
0.38	9.97067	10.6133	9.328
0.39	9.99986	10.6401	9.35964
0.4	10.0282	10.6659	9.39046
0.41	10.0556	10.6907	9.42049
0.42	10.0822	10.7146	9.44972
0.43	10.1079	10.7376	9.47818
0.44	10.1328	10.7596	9.50587
0.45	10.1568	10.7808	9.5328
0.46	10.1801	10.8011	9.55899
0.47	10.2025	10.8206	9.58445
0.48	10.2242	10.8392	9.60918
0.49	10.2451	10.857	9.63321
0.5	10.2653	10.874	9.65653
0.51	10.2847	10.8902	9.67918
0.52	10.3033	10.9055	9.70114
0.53	10.3213	10.9202	9.72245
0.54	10.3386	10.9341	9.74311
0.55	10.3552	10.9472	9.76313
0.56	10.3711	10.9596	9.78252
0.57	10.3863	10.9713	9.8013
0.58	10.4009	10.9824	9.81948
0.59	10.4149	10.9927	9.83707
0.6	10.4283	11.0025	9.85408
0.61	10.441	11.0115	9.87053
0.62	10.4532	11.02	9.88642
0.63	10.4648	11.0278	9.90178
0.64	10.4758	11.035	9.91661
0.65	10.4863	11.0417	9.93092
0.66	10.4963	11.0478	9.94472
0.67	10.5057	11.0534	9.95803
0.68	10.5146	11.0584	9.97087
0.69	10.5231	11.0629	9.98323
0.7	10.531	11.0669	9.99513
0.71	10.5385	11.0704	10.0066
0.72	10.5455	11.0734	10.0176
0.73	10.5521	11.076	10.0282
0.74	10.5583	11.0781	10.0384
0.75	10.564	11.0799	10.0482
0.76	10.5694	11.0812	10.0576
0.77	10.5743	11.082	10.0666
0.78	10.5789	11.0825	10.0753
0.79	10.5831	11.0827	10.0836
0.8	10.587	11.0825	10.0915
0.81	10.5905	11.0819	10.0991
0.82	10.5937	11.081	10.1064
0.83	10.5966	11.0797	10.1134
0.84	10.5991	11.0782	10.1201
0.85	10.6014	11.0764	10.1264
0.86	10.6034	11.0742	10.1325
0.87	10.6051	11.0718	10.1383
0.88	10.6065	11.0692	10.1439
0.89	10.6077	11.0663	10.1491
0.9	10.6087	11.0632	10.1542
0.91	10.6094	11.0598	10.159
0.92	10.6099	11.0562	10.1635
0.93	10.6101	11.0524	10.1679
0.94	10.6102	11.0484	10.172
0.95	10.6101	11.0443	10.1759
0.96	10.6098	11.0399	10.1796
0.97	10.6093	11.0354	10.1831
0.98	10.6086	11.0308	10.1865
0.99	10.6078	11.026	10.1896
1	10.6068	11.021	10.1926
1.01	10.6057	11.0159	10.1955
1.02	10.6044	11.0107	10.1981
1.03	10.603	11.0054	10.2007
1.04	10.6015	11	10.203
1.05	10.5999	10.9945	10.2053
1.06	10.5982	10.9889	10.2074
1.07	10.5963	10.9833	10.2094
1.08	10.5944	10.9775	10.2113
1.09	10.5924	10.9717	10.213
1.1	10.5902	10.9658	10.2147
1.11	10.5881	10.9599	10.2162
1.12	10.5858	10.9539	10.2177
1.13	10.5835	10.9479	10.2191
1.14	10.5811	10.9418	10.2203
1.15	10.5786	10.9357	10.2215
1.16	10.5761	10.9296	10.2227
1.17	10.5736	10.9234	10.2237
1.18	10.571	10.9173	10.2247
1.19	10.5684	10.9111	10.2256
1.2	10.5657	10.9049	10.2265
1.21	10.563	10.8988	10.2273
1.22	10.5603	10.8926	10.228
1.23	10.5576	10.8864	10.2287
1.24	10.5548	10.8803	10.2293
1.25	10.552	10.8741	10.23
1.26	10.5492	10.868	10.2305
1.27	10.5465	10.8619	10.231
1.28	10.5437	10.8558	10.2315
1.29	10.5409	10.8497	10.232
1.3	10.5381	10.8437	10.2324
1.31	10.5353	10.8377	10.2328
1.32	10.5325	10.8317	10.2332
1.33	10.5297	10.8258	10.2336
1.34	10.5269	10.8199	10.2339
1.35	10.5241	10.814	10.2342
1.36	10.5214	10.8082	10.2345
1.37	10.5186	10.8024	10.2348
1.38	10.5159	10.7967	10.2351
1.39	10.5132	10.791	10.2354
1.4	10.5105	10.7854	10.2357
1.41	10.5079	10.7798	10.2359
1.42	10.5052	10.7743	10.2362
1.43	10.5026	10.7688	10.2364
1.44	10.5	10.7634	10.2367
1.45	10.4975	10.758	10.2369
1.46	10.495	10.7527	10.2372
1.47	10.4925	10.7475	10.2374
1.48	10.49	10.7423	10.2377
1.49	10.4876	10.7371	10.238
1.5	10.4852	10.7321	10.2382
1.51	10.4828	10.7271	10.2385
1.52	10.4805	10.7221	10.2388
1.53	10.4782	10.7172	10.2391
1.54	10.4759	10.7124	10.2394
1.55	10.4737	10.7076	10.2397
1.56	10.4715	10.7029	10.24
1.57	10.4693	10.6983	10.2404
1.58	10.4672	10.698	10.2364
1.59	10.4652	10.6982	10.2322
1.6	10.4631	10.6984	10.2279
1.61	10.4611	10.6987	10.2236
1.62	10.4592	10.699	10.2194
1.63	10.4573	10.6994	10.2152
1.64	10.4554	10.6999	10.211
1.65	10.4536	10.7005	10.2068
1.66	10.4519	10.7011	10.2026
1.67	10.4501	10.7017	10.1985
1.68	10.4485	10.7025	10.1944
1.69	10.4468	10.7033	10.1904
1.7	10.4452	10.7041	10.1863
1.71	10.4437	10.7051	10.1823
1.72	10.4422	10.7061	10.1783
1.73	10.4408	10.7071	10.1744
1.74	10.4394	10.7082	10.1705
1.75	10.438	10.7094	10.1666
1.76	10.4367	10.7106	10.1628
1.77	10.4355	10.7119	10.159
1.78	10.4343	10.7133	10.1553
1.79	10.4332	10.7147	10.1516
1.8	10.4321	10.7162	10.1479
1.81	10.431	10.7178	10.1443
1.82	10.4301	10.7194	10.1407
1.83	10.4291	10.7211	10.1372
1.84	10.4283	10.7228	10.1337
1.85	10.4275	10.7247	10.1303
1.86	10.4267	10.7265	10.1269
1.87	10.426	10.7285	10.1236
1.88	10.4254	10.7305	10.1204
1.89	10.4249	10.7326	10.1172
1.9	10.4244	10.7347	10.114
1.91	10.4239	10.7369	10.1109
1.92	10.4236	10.7392	10.1079
1.93	10.4232	10.7415	10.105
1.94	10.423	10.7439	10.1021
1.95	10.4228	10.7464	10.0993
1.96	10.4227	10.749	10.0965
1.97	10.4227	10.7516	10.0938
1.98	10.4228	10.7543	10.0912
1.99	10.4229	10.757	10.0887
2	10.4231	10.7598	10.0863
2.01	10.4233	10.7628	10.0839
2.02	10.4237	10.7657	10.0816
2.03	10.4241	10.7688	10.0794
2.04	10.4246	10.7719	10.0773
2.05	10.4252	10.7751	10.0753
2.06	10.4259	10.7784	10.0733
2.07	10.4266	10.7818	10.0715
2.08	10.4275	10.7852	10.0697
2.09	10.4284	10.7887	10.068
2.1	10.4294	10.7924	10.0665
2.11	10.4305	10.796	10.065
2.12	10.4317	10.7998	10.0636
2.13	10.433	10.8037	10.0624
2.14	10.4344	10.8076	10.0612
2.15	10.4359	10.8117	10.0602
2.16	10.4375	10.8158	10.0592
2.17	10.4392	10.82	10.0584
2.18	10.441	10.8243	10.0577
2.19	10.4429	10.8287	10.0571
2.2	10.4449	10.8332	10.0567
2.21	10.4471	10.8378	10.0563
2.22	10.4493	10.8425	10.0561
2.23	10.4517	10.8473	10.056
2.24	10.4541	10.8522	10.056
2.25	10.4567	10.8572	10.0562
2.26	10.4594	10.8623	10.0565
2.27	10.4622	10.8675	10.0569
2.28	10.4652	10.8729	10.0575
2.29	10.4683	10.8783	10.0582
2.3	10.4715	10.8838	10.0591
2.31	10.4748	10.8895	10.0601
2.32	10.4782	10.8953	10.0612
2.33	10.4818	10.9011	10.0625
2.34	10.4856	10.9071	10.064
2.35	10.4894	10.9133	10.0656
2.36	10.4934	10.9195	10.0673
2.37	10.4976	10.9259	10.0693
2.38	10.5019	10.9324	10.0713
2.39	10.5063	10.939	10.0736
2.4	10.5109	10.9457	10.076
2.41	10.5156	10.9526	10.0786
2.42	10.5205	10.9596	10.0813
2.43	10.5255	10.9667	10.0843
2.44	10.5307	10.974	10.0874
2.45	10.536	10.9814	10.0906
2.46	10.5415	10.989	10.0941
2.47	10.5472	10.9967	10.0977
2.48	10.553	11.0045	10.1016
2.49	10.559	11.0125	10.1056
2.5	10.5652	11.0206	10.1098
2.51	10.5715	11.0289	10.1141
2.52	10.578	11.0373	10.1187
2.53	10.5847	11.0458	10.1235
2.54	10.5915	11.0546	10.1285
2.55	10.5985	11.0634	10.1337
2.56	10.6057	11.0725	10.139
2.57	10.6131	11.0816	10.1446
2.58	10.6207	11.091	10.1504
2.59	10.6284	11.1005	10.1564
2.6	10.6364	11.1102	10.1626
2.61	10.6445	11.12	10.169
2.62	10.6528	11.13	10.1756
2.63	10.6613	11.1401	10.1825
2.64	10.67	11.1505	10.1895
2.65	10.6789	11.161	10.1968
2.66	10.688	11.1716	10.2043
2.67	10.6972	11.1825	10.212
2.68	10.7067	11.1935	10.2199
2.69	10.7164	11.2047	10.2281
2.7	10.7263	11.2161	10.2365
2.71	10.7364	11.2276	10.2451
2.72	10.7467	11.2394	10.254
2.73	10.7572	11.2513	10.2631
2.74	10.7679	11.2634	10.2724
2.75	10.7788	11.2756	10.282
2.76	10.7899	11.2881	10.2918
2.77	10.8013	11.3008	10.3018
2.78	10.8128	11.3136	10.3121
2.79	10.8246	11.3266	10.3226
2.8	10.8366	11.3398	10.3334
2.81	10.8488	11.3532	10.3444
2.82	10.8613	11.3668	10.3557
2.83	10.8739	11.3806	10.3672
2.84	10.8868	11.3946	10.3789
2.85	10.8999	11.4088	10.3909
2.86	10.9132	11.4232	10.4032
2.87	10.9267	11.4378	10.4157
2.88	10.9405	11.4526	10.4284
2.89	10.9545	11.4675	10.4414
2.9	10.9687	11.4827	10.4547
2.91	10.9832	11.4981	10.4682
2.92	10.9978	11.5137	10.482
2.93	11.0128	11.5295	10.4961
2.94	11.0279	11.5454	10.5104
2.95	11.0433	11.5616	10.5249
2.96	11.0589	11.578	10.5397
2.97	11.0747	11.5946	10.5548
2.98	11.0908	11.6114	10.5702
2.99	11.1071	11.6285	10.5858
3	11.1237	11.6457	10.6017
3.01	11.1404	11.6631	10.6178
3.02	11.1575	11.6807	10.6342
3.03	11.1747	11.6986	10.6509
3.04	11.1922	11.7166	10.6678
3.05	11.2099	11.7349	10.685
3.06	11.2279	11.7534	10.7025
3.07	11.2461	11.7721	10.7202
3.08	11.2646	11.791	10.7382
3.09	11.2833	11.8101	10.7564
3.1	11.3022	11.8294	10.775
3.11	11.3213	11.8489	10.7938
3.12	11.3408	11.8687	10.8129
3.13	11.3604	11.8886	10.8322
3.14	11.3803	11.9088	10.8518
3.15	11.4004	11.9291	10.8717
3.16	11.4208	11.9497	10.8918
3.17	11.4414	11.9705	10.9122
3.18	11.4622	11.9915	10.9329
3.19	11.4833	12.0127	10.9538
3.2	11.5046	12.0341	10.9751
3.21	11.5262	12.0558	10.9965
3.22	11.548	12.0776	11.0183
3.23	11.57	12.0997	11.0403
3.24	11.5923	12.1219	11.0626
3.25	11.6148	12.1444	11.0851
3.26	11.6375	12.1671	11.1079
3.27	11.6605	12.19	11.131
3.28	11.6837	12.2131	11.1543
3.29	11.7072	12.2364	11.178
3.3	11.7308	12.2599	11.2018
3.31	11.7548	12.2836	11.2259
3.32	11.7789	12.3075	11.2503
3.33	11.8033	12.3316	11.275
3.34	11.8279	12.356	11.2999
3.35	11.8528	12.3805	11.3251
3.36	11.8779	12.4052	11.3505
3.37	11.9032	12.4301	11.3762
3.38	11.9287	12.4553	11.4021
3.39	11.9545	12.4806	11.4283
3.4	11.9804	12.5061	11.4548
3.41	12.0067	12.5319	11.4815
3.42	12.0331	12.5578	11.5084
3.43	12.0598	12.5839	11.5356
3.44	12.0866	12.6102	11.5631
3.45	12.1137	12.6367	11.5908
3.46	12.1411	12.6634	11.6187
3.47	12.1686	12.6903	11.6469
3.48	12.1963	12.7174	11.6753
3.49	12.2243	12.7446	11.704
3.5	12.2525	12.7721	11.7329
3.51	12.2809	12.7997	11.7621
3.52	12.3095	12.8275	11.7915
3.53	12.3383	12.8555	11.8211
3.54	12.3673	12.8837	11.851
3.55	12.3966	12.912	11.8811
3.56	12.426	12.9406	11.9114
3.57	12.4556	12.9693	11.942
3.58	12.4855	12.9982	11.9727
3.59	12.5155	13.0272	12.0037
3.6	12.5457	13.0564	12.035
3.61	12.5761	13.0858	12.0664
3.62	12.6068	13.1154	12.0981
3.63	12.6376	13.1451	12.13
3.64	12.6686	13.175	12.1621
3.65	12.6997	13.2051	12.1944
3.66	12.7311	13.2353	12.2269
3.67	12.7627	13.2657	12.2597
3.68	12.7944	13.2962	12.2926
3.69	12.8263	13.3269	12.3258
3.7	12.8584	13.3577	12.3591
3.71	12.8907	13.3887	12.3927
3.72	12.9231	13.4198	12.4264
3.73	12.9557	13.4511	12.4603
3.74	12.9885	13.4825	12.4945
3.75	13.0214	13.5141	12.5288
3.76	13.0545	13.5457	12.5633
3.77	13.0878	13.5776	12.598
3.78	13.1212	13.6095	12.6329
3.79	13.1548	13.6416	12.6679
3.8	13.1885	13.6739	12.7031
3.81	13.2224	13.7062	12.7386
3.82	13.2564	13.7387	12.7741
3.83	13.2906	13.7713	12.8099
3.84	13.3249	13.804	12.8458
3.85	13.3594	13.8369	12.8818
3.86	13.3939	13.8698	12.9181
3.87	13.4287	13.9029	12.9545
3.88	13.4635	13.936	12.991
3.89	13.4985	13.9693	13.0277
3.9	13.5336	14.0027	13.0645
3.91	13.5689	14.0362	13.1015
3.92	13.6042	14.0698	13.1386
3.93	13.6397	14.1034	13.1759
3.94	13.6753	14.1372	13.2133
3.95	13.711	14.1711	13.2508
3.96	13.7468	14.205	13.2885
3.97	13.7827	14.239	13.3263
3.98	13.8187	14.2732	13.3642
3.99	13.8548	14.3073	13.4022
4	13.891	14.3416	13.4404
4.01	13.9273	14.3759	13.4786
4.02	13.9637	14.4103	13.517
4.03	14.0001	14.4448	13.5555
4.04	14.0367	14.4794	13.594
4.05	14.0733	14.514	13.6327
4.06	14.11	14.5486	13.6715
4.07	14.1468	14.5833	13.7103
4.08	14.1837	14.6181	13.7493
4.09	14.2206	14.6529	13.7883
4.1	14.2576	14.6877	13.8274
4.11	14.2946	14.7226	13.8666
4.12	14.3317	14.7575	13.9059
4.13	14.3689	14.7925	13.9452
4.14	14.4061	14.8275	13.9846
4.15	14.4433	14.8625	14.0241
4.16	14.4806	14.8976	14.0636
4.17	14.5179	14.9327	14.1032
4.18	14.5553	14.9677	14.1428
4.19	14.5927	15.0028	14.1825
4.2	14.6301	15.038	14.2223
4.21	14.6676	15.0731	14.262
4.22	14.705	15.1082	14.3018
4.23	14.7425	15.1433	14.3417
4.24	14.78	15.1785	14.3815
4.25	14.8175	15.2136	14.4214
4.26	14.855	15.2487	14.4613
4.27	14.8925	15.2838	14.5012
4.28	14.93	15.3189	14.5412
4.29	14.9675	15.354	14.5811
4.3	15.005	15.389	14.6211
4.31	15.0425	15.424	14.661
4.32	15.08	15.459	14.701
4.33	15.1174	15.494	14.7409
4.34	15.1549	15.5289	14.7809
4.35	15.1923	15.5637	14.8208
4.36	15.2296	15.5986	14.8607
4.37	15.2669	15.6333	14.9005
4.38	15.3042	15.6681	14.9404
4.39	15.3415	15.7027	14.9802
4.4	15.3787	15.7374	15.02
4.41	15.4158	15.7719	15.0597
4.42	15.4529	15.8064	15.0994
4.43	15.4899	15.8408	15.1391
4.44	15.5269	15.8751	15.1787
4.45	15.5638	15.9094	15.2182
4.46	15.6006	15.9436	15.2577
4.47	15.6374	15.9777	15.2971
4.48	15.6741	16.0117	15.3364
4.49	15.7106	16.0456	15.3757
4.5	15.7471	16.0794	15.4149
4.51	15.7836	16.1131	15.454
4.52	15.8199	16.1468	15.493
4.53	15.8561	16.1803	15.5319
4.54	15.8922	16.2137	15.5708
4.55	15.9282	16.2469	15.6095
4.56	15.9641	16.2801	15.6482
4.57	15.9999	16.3131	15.6867
4.58	16.0356	16.346	15.7251
4.59	16.0711	16.3788	15.7634
4.6	16.1065	16.4115	15.8016
4.61	16.1418	16.444	15.8396
4.62	16.177	16.4764	15.8776
4.63	16.212	16.5086	15.9154
4.64	16.2468	16.5407	15.953
4.65	16.2816	16.5726	15.9905
4.66	16.3161	16.6043	16.0279
4.67	16.3505	16.6359	16.0651
4.68	16.3848	16.6674	16.1022
4.69	16.4189	16.6987	16.1391
4.7	16.4528	16.7298	16.1759
4.71	16.4866	16.7607	16.2124
4.72	16.5201	16.795	16.2453
4.73	16.5535	16.8302	16.2769
4.74	16.5868	16.8653	16.3082
4.75	16.6198	16.9001	16.3395
4.76	16.6526	16.9348	16.3705
4.77	16.6853	16.9692	16.4013
4.78	16.7177	17.0035	16.4319
4.79	16.7499	17.0375	16.4624
4.8	16.782	17.0713	16.4926
4.81	16.8138	17.105	16.5226
4.82	16.8454	17.1383	16.5525
4.83	16.8768	17.1715	16.5821
4.84	16.908	17.2044	16.6115
4.85	16.9389	17.2372	16.6406
4.86	16.9696	17.2696	16.6696
4.87	17.0001	17.3018	16.6983
4.88	17.0303	17.3338	16.7268
4.89	17.0603	17.3656	16.755
4.9	17.09	17.397	16.7831
4.91	17.1195	17.4283	16.8108
4.92	17.1488	17.4592	16.8384
4.93	17.1778	17.4899	16.8656
4.94	17.2065	17.5203	16.8927
4.95	17.235	17.5505	16.9194
4.96	17.2631	17.5804	16.9459
4.97	17.2911	17.6099	16.9722
4.98	17.3187	17.6392	16.9982
4.99	17.3461	17.6683	17.0239
5	17.3731	17.697	17.0493
5.01	17.3999	17.7254	17.0745
5.02	17.4264	17.7535	17.0993
5.03	17.4526	17.7813	17.1239
5.04	17.4785	17.8089	17.1482
5.05	17.5041	17.8361	17.1722
5.06	17.5294	17.8629	17.1959
5.07	17.5544	17.8895	17.2194
5.08	17.5791	17.9157	17.2425
5.09	17.6035	17.9416	17.2653
5.1	17.6275	17.9672	17.2878
5.11	17.6512	17.9925	17.31
5.12	17.6746	18.0174	17.3319
5.13	17.6977	18.0419	17.3534
5.14	17.7204	18.0661	17.3747
5.15	17.7428	18.09	17.3956
5.16	17.7648	18.1135	17.4161
5.17	17.7865	18.1367	17.4364
5.18	17.8079	18.1594	17.4563
5.19	17.8289	18.1819	17.4759
5.2	17.8495	18.2039	17.4951
5.21	17.8698	18.2256	17.514
5.22	17.8898	18.247	17.5326
5.23	17.9093	18.2679	17.5508
5.24	17.9285	18.2884	17.5686
5.25	17.9474	18.3086	17.5861
5.26	17.9658	18.3284	17.6033
5.27	17.9839	18.3478	17.62
5.28	18.0016	18.3668	17.6365
5.29	18.019	18.3854	17.6525
5.3	18.0359	18.4036	17.6682
5.31	18.0524	18.4214	17.6835
5.32	18.0686	18.4388	17.6984
5.33	18.0844	18.4558	17.7129
5.34	18.0997	18.4724	17.7271
5.35	18.1147	18.4885	17.7409
5.36	18.1293	18.5043	17.7543
5.37	18.1434	18.5196	17.7673
5.38	18.1572	18.5345	17.7799
5.39	18.1705	18.5489	17.7921
5.4	18.1835	18.563	17.804
5.41	18.196	18.5766	17.8154
5.42	18.2081	18.5897	17.8264
5.43	18.2197	18.6025	17.837
5.44	18.231	18.6147	17.8473
5.45	18.2418	18.6266	17.8571
5.46	18.2522	18.638	17.8664
5.47	18.2622	18.6489	17.8754
5.48	18.2717	18.6594	17.884
5.49	18.2808	18.6694	17.8921
5.5	18.2894	18.679	17.8999
5.51	18.2977	18.6881	17.9072
5.52	18.3054	18.6968	17.9141
5.53	18.3127	18.705	17.9205
5.54	18.3196	18.7127	17.9265
5.55	18.3261	18.72	17.9321
5.56	18.332	18.7268	17.9373
5.57	18.3375	18.7331	17.942
5.58	18.3426	18.7389	17.9463
5.59	18.3472	18.7443	17.9502
5.6	18.3514	18.7492	17.9536
5.61	18.355	18.7536	17.9565
5.62	18.3583	18.7575	17.9591
5.63	18.361	18.7609	17.9611
5.64	18.3633	18.7638	17.9628
5.65	18.3651	18.7663	17.964
5.66	18.3665	18.7683	17.9647
5.67	18.3673	18.7697	17.965
5.68	18.3677	18.7707	17.9648
5.69	18.3677	18.7712	17.9642
5.7	18.3671	18.7711	17.9631
5.71	18.3661	18.7706	17.9616
5.72	18.3646	18.7696	17.9596
5.73	18.3626	18.7681	17.9571
5.74	18.3601	18.766	17.9542
5.75	18.3571	18.7635	17.9508
5.76	18.3537	18.7605	17.9469
5.77	18.3498	18.7569	17.9426
5.78	18.3453	18.7528	17.9378
5.79	18.3404	18.7483	17.9326
5.8	18.335	18.7432	17.9269
5.81	18.3291	18.7376	17.9207
5.82	18.3227	18.7315	17.914
5.83	18.3159	18.7248	17.9069
5.84	18.3085	18.7177	17.8993
5.85	18.3006	18.71	17.8912
5.86	18.2922	18.7018	17.8826
5.87	18.2834	18.6931	17.8736
5.88	18.274	18.6839	17.8641
5.89	18.2641	18.6741	17.8541
5.9	18.2538	18.6639	17.8437
5.91	18.2429	18.6531	17.8328
5.92	18.2316	18.6418	17.8213
5.93	18.2197	18.6299	17.8095
5.94	18.2073	18.6176	17.7971
5.95	18.1945	18.6047	17.7842
5.96	18.1811	18.5913	17.7709
5.97	18.1672	18.5773	17.7571
5.98	18.1528	18.5629	17.7428
5.99	18.138	18.5479	17.728
6	18.1226	18.5323	17.7128
6.01	18.1067	18.5163	17.6971
6.02	18.0903	18.4997	17.6809
6.03	18.0734	18.4826	17.6642
6.04	18.056	18.465	17.647
6.05	18.0381	18.4469	17.6294
6.06	18.0197	18.4282	17.6112
6.07	18.0008	18.409	17.5926
6.08	17.9814	18.3892	17.5735
6.09	17.9615	18.369	17.5539
6.1	17.941	18.3482	17.5339
6.11	17.9201	18.3269	17.5134
6.12	17.8987	18.305	17.4924
6.13	17.8768	18.2827	17.4709
6.14	17.8543	18.2598	17.4489
6.15	17.8314	18.2364	17.4265
6.16	17.808	18.2124	17.4035
6.17	17.7841	18.188	17.3801
6.18	17.7596	18.163	17.3563
6.19	17.7347	18.1375	17.3319
6.2	17.7093	18.1114	17.3071
6.21	17.6834	18.0849	17.2818
6.22	17.6569	18.0578	17.2561
6.23	17.63	18.0302	17.2298
6.24	17.6026	18.0021	17.2031
6.25	17.5747	17.9735	17.1759
6.26	17.5463	17.9444	17.1483
6.27	17.5175	17.9148	17.1202
6.28	17.4881	17.8846	17.0916
6.29	17.4582	17.8554	17.0611
6.3	17.4279	17.8263	17.0294
6.31	17.3971	17.7968	16.9973
6.32	17.3657	17.7667	16.9648
6.33	17.3339	17.7362	16.9317
6.34	17.3017	17.7051	16.8983
6.35	17.2689	17.6735	16.8643
6.36	17.2357	17.6414	16.8299
6.37	17.202	17.6088	16.7951
6.38	17.1678	17.5758	16.7598
6.39	17.1331	17.5422	16.724
6.4	17.098	17.5081	16.6878
6.41	17.0624	17.4736	16.6511
6.42	17.0263	17.4385	16.6141
6.43	16.9897	17.403	16.5765
6.44	16.9527	17.3669	16.5385
6.45	16.9153	17.3304	16.5001
6.46	16.8773	17.2934	16.4613
6.47	16.8389	17.2559	16.422
6.48	16.8001	17.218	16.3823
6.49	16.7608	17.1795	16.3421
6.5	16.7211	17.1406	16.3015
6.51	16.6809	17.1012	16.2605
6.52	16.6402	17.0613	16.2191
6.53	16.5991	17.021	16.1772
6.54	16.5576	16.9802	16.1349
6.55	16.5156	16.939	16.0923
6.56	16.4732	16.8972	16.0492
6.57	16.4304	16.8551	16.0056
6.58	16.3871	16.8124	15.9617
6.59	16.3434	16.7693	15.9174
6.6	16.2992	16.7258	15.8726
6.61	16.2547	16.6818	15.8275
6.62	16.2097	16.6374	15.782
6.63	16.1643	16.5925	15.736
6.64	16.1185	16.5472	15.6897
6.65	16.0722	16.5015	15.643
6.66	16.0256	16.4553	15.5959
6.67	15.9785	16.4087	15.5484
6.68	15.9311	16.3617	15.5005
6.69	15.8832	16.3142	15.4523
6.7	15.835	16.2663	15.4037
6.71	15.7863	16.218	15.3547
6.72	15.7373	16.1693	15.3053
6.73	15.6879	16.1202	15.2556
6.74	15.6381	16.0707	15.2055
6.75	15.5879	16.0207	15.155
6.76	15.5373	15.9704	15.1042
6.77	15.4864	15.9197	15.0531
6.78	15.4351	15.8686	15.0016
6.79	15.3834	15.817	14.9497
6.8	15.3313	15.7652	14.8975
6.81	15.2789	15.7129	14.845
6.82	15.2262	15.6602	14.7921
6.83	15.173	15.6072	14.7389
6.84	15.1196	15.5538	14.6853
6.85	15.0658	15.5	14.6315
6.86	15.0116	15.4459	14.5773
6.87	14.9571	15.3914	14.5228
6.88	14.9023	15.3365	14.468
6.89	14.8471	15.2813	14.4129
6.9	14.7916	15.2258	14.3575
6.91	14.7358	15.1699	14.3017
6.92	14.6797	15.1137	14.2457
6.93	14.6233	15.0571	14.1894
6.94	14.5665	15.0002	14.1328
6.95	14.5095	14.943	14.0759
6.96	14.4521	14.8855	14.0187
6.97	14.3944	14.8276	13.9613
6.98	14.3365	14.7694	13.9035
6.99	14.2782	14.711	13.8455
7	14.2197	14.6522	13.7873
7.01	14.1609	14.5931	13.7288
7.02	14.1018	14.5337	13.67
7.03	14.0425	14.474	13.6109
7.04	13.9829	14.4141	13.5517
7.05	13.923	14.3538	13.4921
7.06	13.8628	14.2933	13.4324
7.07	13.8025	14.2325	13.3724
7.08	13.7418	14.1715	13.3121
7.09	13.6809	14.1101	13.2517
7.1	13.6198	14.0486	13.191
7.11	13.5584	13.9867	13.1301
7.12	13.4968	13.9247	13.069
7.13	13.435	13.8623	13.0077
7.14	13.373	13.7998	12.9462
7.15	13.3107	13.737	12.8845
7.16	13.2483	13.674	12.8226
7.17	13.1856	13.6107	12.7605
7.18	13.1227	13.5472	12.6982
7.19	13.0596	13.4836	12.6357
7.2	12.9964	13.4197	12.5731
7.21	12.9329	13.3556	12.5103
7.22	12.8693	13.2913	12.4473
7.23	12.8055	13.2268	12.3841
7.24	12.7415	13.1621	12.3209
7.25	12.6774	13.0973	12.2574
7.26	12.613	13.0323	12.1938
7.27	12.5486	12.9671	12.1301
7.28	12.484	12.9017	12.0662
7.29	12.4192	12.8362	12.0022
7.3	12.3543	12.7705	11.9381
7.31	12.2893	12.7047	11.8739
7.32	12.2241	12.6387	11.8095
7.33	12.1588	12.5726	11.7451
7.34	12.0934	12.5063	11.6805
7.35	12.0279	12.4399	11.6158
7.36	11.9622	12.3734	11.5511
7.37	11.8965	12.3068	11.4862
7.38	11.8307	12.2401	11.4213
7.39	11.7647	12.1732	11.3562
7.4	11.6987	12.1063	11.2912
7.41	11.6326	12.0392	11.226
7.42	11.5664	11.9721	11.1608
7.43	11.5002	11.9049	11.0955
7.44	11.4339	11.8376	11.0301
7.45	11.3675	11.7703	10.9648
7.46	11.3011	11.7028	10.8993
7.47	11.2346	11.6354	10.8339
7.48	11.1681	11.5678	10.7684
7.49	11.1015	11.5002	10.7028
7.5	11.0349	11.4326	10.6373
7.51	10.9683	11.3649	10.5717
7.52	10.9017	11.2972	10.5062
7.53	10.835	11.2295	10.4406
7.54	10.7684	11.1617	10.375
7.55	10.7017	11.094	10.3094
7.56	10.635	11.0262	10.2439
7.57	10.5684	10.9584	10.1783
7.58	10.5017	10.8906	10.1128
7.59	10.4351	10.8229	10.0473
7.6	10.3685	10.7551	9.98188
7.61	10.3019	10.6874	9.91646
7.62	10.2354	10.6197	9.85109
7.63	10.1689	10.552	9.78576
7.64	10.1024	10.4844	9.72049
7.65	10.036	10.4168	9.65529
7.66	9.96969	10.3492	9.59015
7.67	9.90342	10.2818	9.52508
7.68	9.83721	10.2143	9.46009
7.69	9.77108	10.147	9.39518
7.7	9.70503	10.0797	9.33036
7.71	9.63907	10.0125	9.26564
7.72	9.5732	9.9454	9.20101
7.73	9.50744	9.87838	9.13649
7.74	9.44177	9.81146	9.07208
7.75	9.37622	9.74464	9.00779
7.76	9.31078	9.67793	8.94362
7.77	9.24546	9.61134	8.87958
7.78	9.18027	9.54487	8.81567
7.79	9.11522	9.47853	8.7519
7.8	9.0503	9.41232	8.68828
7.81	8.98553	9.34626	8.6248
7.82	8.92091	9.28034	8.56148
7.83	8.85644	9.21457	8.49832
7.84	8.79214	9.14896	8.43533
7.85	8.72801	9.08351	8.37251
7.86	8.66405	9.02104	8.30706
7.87	8.60027	8.9606	8.23993
7.88	8.53667	8.90035	8.173
7.89	8.47327	8.84028	8.10626
7.9	8.41006	8.7804	8.03973
7.91	8.34706	8.72072	7.9734
7.92	8.28426	8.66125	7.90728
7.93	8.22168	8.60198	7.84139
7.94	8.15932	8.54292	7.77572
7.95	8.09718	8.48409	7.71028
7.96	8.03528	8.42548	7.64508
7.97	7.97361	8.3671	7.58012
7.98	7.91218	8.30896	7.51541
7.99	7.85101	8.25106	7.45095
8	7.79008	8.1934	7.38676
8.01	7.72942	8.136	7.32284
8.02	7.66902	8.07886	7.25918
8.03	7.60889	8.02197	7.19581
8.04	7.54904	7.96536	7.13272
8.05	7.48947	7.90902	7.06992
8.06	7.43019	7.85296	7.00742
8.07	7.3712	7.79718	6.94522
8.08	7.31251	7.74169	6.88332
8.09	7.25412	7.6865	6.82174
8.1	7.19604	7.6316	6.76048
8.11	7.13828	7.57702	6.69955
8.12	7.08084	7.52274	6.63894
8.13	7.02373	7.46878	6.57868
8.14	6.96695	7.41514	6.51875
8.15	6.9105	7.36182	6.45917
8.16	6.8544	7.30884	6.39995
8.17	6.79864	7.2562	6.34109
8.18	6.74324	7.20389	6.28259
8.19	6.6882	7.15194	6.22446
8.2	6.63352	7.10033	6.16671
8.21	6.57921	7.04908	6.10934
8.22	6.52527	6.9982	6.05235
8.23	6.47172	6.94768	5.99576
8.24	6.41855	6.89753	5.93957
8.25	6.36577	6.84776	5.88378
8.26	6.31339	6.79837	5.8284
8.27	6.2614	6.74937	5.77343
8.28	6.20983	6.70077	5.71889
8.29	6.15866	6.65255	5.66476
8.3	6.10791	6.60475	5.61107
8.31	6.05758	6.55734	5.55782
8.32	6.00768	6.51035	5.50501
8.33	5.95821	6.46378	5.45264
8.34	5.90917	6.41762	5.40072
8.35	5.86058	6.37189	5.34926
8.36	5.81243	6.3266	5.29827
8.37	5.76474	6.28173	5.24774
8.38	5.7175	6.23731	5.19768
8.39	5.67072	6.19333	5.1481
8.4	5.6244	6.14981	5.099
8.41	5.57856	6.10673	5.05039
8.42	5.53319	6.06411	5.00227
8.43	5.48831	6.02196	4.95465
8.44	5.4439	5.98027	4.90753
8.45	5.39999	5.93906	4.86092
8.46	5.35657	5.89832	4.81482
8.47	5.31365	5.85806	4.76924
8.48	5.27123	5.81829	4.72417
8.49	5.22932	5.77901	4.67964
8.5	5.18793	5.74022	4.63563
8.51	5.14704	5.70193	4.59216
8.52	5.10668	5.66414	4.54923
8.53	5.06685	5.62685	4.50685
8.54	5.02755	5.59008	4.46501
8.55	4.98878	5.55382	4.42373
8.56	4.95055	5.51808	4.38301
8.57	4.91286	5.48287	4.34285
8.58	4.87572	5.44818	4.30325
8.59	4.83913	5.41402	4.26423
8.6	4.80309	5.38039	4.22579
8.61	4.76762	5.34731	4.18792
8.62	4.7327	5.31477	4.15064
8.63	4.69836	5.28277	4.11395
8.64	4.66459	5.25132	4.07785
8.65	4.63139	5.22043	4.04235
8.66	4.59877	5.1901	4.00744
8.67	4.56674	5.16032	3.97315
8.68	4.53529	5.13112	3.93946
8.69	4.50443	5.10248	3.90638
8.7	4.47417	5.07441	3.87393
8.71	4.4445	5.04692	3.84209
8.72	4.41544	5.02001	3.81087
8.73	4.38698	4.99368	3.78029
8.74	4.35914	4.96794	3.75034
8.75	4.3319	4.94278	3.72102
8.76	4.30528	4.91822	3.69234
8.77	4.27928	4.89426	3.66431
8.78	4.25391	4.87089	3.63692
8.79	4.22916	4.84813	3.61018
8.8	4.20504	4.82597	3.5841
8.81	4.18155	4.80443	3.55867
8.82	4.1587	4.78349	3.5339
8.83	4.13648	4.76317	3.5098
8.84	4.11491	4.74347	3.48636
8.85	4.09399	4.72438	3.4636
8.86	4.07371	4.70593	3.4415
8.87	4.05409	4.68809	3.42008
8.88	4.03512	4.67089	3.39935
8.89	4.01681	4.65432	3.37929
8.9	3.99915	4.63839	3.35992
8.91	3.98216	4.62309	3.34124
8.92	3.96584	4.60843	3.32325
8.93	3.95018	4.59442	3.30595
8.94	3.9352	4.58105	3.28935
8.95	3.92089	4.56833	3.27345
8.96	3.90725	4.55626	3.25825
8.97	3.8943	4.54484	3.24375
8.98	3.88202	4.53407	3.22997
8.99	3.87043	4.52397	3.21689
