-1	-3.24155	0.6
-0.166667	6.90488	0.852441
0.666667	10.5954	0.372959
1.5	10.193	0.723636
2.33333	10.4353	0.513629
3.16667	11.6197	0.560294
4	13.6616	0.302466
4.83333	16.7	0.313874
5.66667	18.7142	0.876008
6.5	16.8629	0.411034
7.33333	11.8416	0.44809
8.16667	6.80297	0.899645


-1	-2.92226	-2.70347	-3.14105
-0.99	-2.79333	-2.57228	-3.01438
-0.98	-2.66433	-2.44095	-2.88772
-0.97	-2.53528	-2.30948	-2.76108
-0.96	-2.40617	-2.17789	-2.63445
-0.95	-2.27703	-2.0462	-2.50786
-0.94	-2.14786	-1.91441	-2.38131
-0.93	-2.01867	-1.78253	-2.25481
-0.92	-1.88948	-1.65059	-2.12837
-0.91	-1.7603	-1.5186	-2.002
-0.9	-1.63113	-1.38656	-1.87571
-0.89	-1.502	-1.2545	-1.7495
-0.88	-1.37291	-1.12242	-1.62339
-0.87	-1.24387	-0.99034	-1.4974
-0.86	-1.1149	-0.858277	-1.37152
-0.85	-0.986008	-0.726244	-1.24577
-0.84	-0.85721	-0.594256	-1.12016
-0.83	-0.728518	-0.462327	-0.994708
-0.82	-0.599944	-0.330473	-0.869415
-0.81	-0.471503	-0.19871	-0.744296
-0.8	-0.343207	-0.0670526	-0.619362
-0.79	-0.215071	0.0644825	-0.494625
-0.78	-0.0871088	0.19588	-0.370097
-0.77	0.0406662	0.327122	-0.24579
-0.76	0.16824	0.458194	-0.121715
-0.75	0.295597	0.589079	0.00211438
-0.74	0.422724	0.71976	0.125687
-0.73	0.549605	0.850221	0.248989
-0.72	0.676226	0.980443	0.37201
-0.71	0.802573	1.11041	0.494735
-0.7	0.928629	1.24011	0.617153
-0.69	1.05438	1.36951	0.73925
-0.68	1.17981	1.49861	0.861013
-0.67	1.30491	1.62738	0.982429
-0.66	1.42965	1.75581	1.10349
-0.65	1.55403	1.88388	1.22417
-0.64	1.67802	2.01157	1.34446
-0.63	1.80162	2.13887	1.46436
-0.62	1.9248	2.26575	1.58384
-0.61	2.04755	2.3922	1.7029
-0.6	2.16985	2.51819	1.82151
-0.59	2.2917	2.64372	1.93968
-0.58	2.41306	2.76876	2.05737
-0.57	2.53394	2.89329	2.17458
-0.56	2.6543	3.0173	2.2913
-0.55	2.77414	3.14077	2.4075
-0.54	2.89343	3.26367	2.52319
-0.53	3.01217	3.386	2.63834
-0.52	3.13033	3.50772	2.75294
-0.51	3.24791	3.62883	2.86698
-0.5	3.36487	3.74931	2.98044
-0.49	3.48122	3.86914	3.09331
-0.48	3.59693	3.98829	3.20558
-0.47	3.71199	4.10676	3.31723
-0.46	3.82638	4.22451	3.42825
-0.45	3.94009	4.34155	3.53862
-0.44	4.05309	4.45784	3.64834
-0.43	4.16538	4.57338	3.75739
-0.42	4.27695	4.68813	3.86576
-0.41	4.38777	4.8021	3.97344
-0.4	4.49782	4.91525	4.0804
-0.39	4.60711	5.02757	4.18665
-0.38	4.71561	5.13905	4.29216
-0.37	4.8233	5.24967	4.39693
-0.36	4.93018	5.35941	4.50094
-0.35	5.03622	5.46826	4.60418
-0.34	5.14142	5.5762	4.70665
-0.33	5.24577	5.68322	4.80832
-0.32	5.34924	5.78929	4.90918
-0.31	5.45183	5.89441	5.00924
-0.3	5.55352	5.99857	5.10846
-0.29	5.6543	6.10174	5.20686
-0.28	5.75415	6.20391	5.3044
-0.27	5.85308	6.30507	5.40109
-0.26	5.95106	6.4052	5.49691
-0.25	6.04808	6.5043	5.59186
-0.24	6.14413	6.60235	5.68592
-0.23	6.23921	6.69934	5.77908
-0.22	6.33329	6.79525	5.87134
-0.21	6.42638	6.89008	5.96269
-0.2	6.51846	6.98381	6.05311
-0.19	6.60952	7.07643	6.14261
-0.18	6.69955	7.16793	6.23116
-0.17	6.78854	7.25831	6.31878
-0.16	6.87649	7.34755	6.40544
-0.15	6.96339	7.43564	6.49114
-0.14	7.04923	7.52258	6.57588
-0.13	7.134	7.60836	6.65964
-0.12	7.21769	7.69296	6.74243
-0.11	7.30031	7.77639	6.82423
-0.1	7.38184	7.85863	6.90504
-0.09	7.46227	7.93969	6.98486
-0.08	7.54161	8.01954	7.06368
-0.07	7.61985	8.0982	7.14149
-0.06	7.69697	8.17565	7.2183
-0.05	7.77299	8.25189	7.29409
-0.04	7.84789	8.32691	7.36888
-0.03	7.92168	8.40072	7.44264
-0.02	7.99434	8.47331	7.51538
-0.01	8.06589	8.54467	7.5871
0	8.1363	8.61481	7.6578
0.01	8.2056	8.68372	7.72747
0.02	8.27376	8.75141	7.79611
0.03	8.3408	8.81787	7.86373
0.04	8.40671	8.8831	7.93031
0.05	8.47149	8.94711	7.99587
0.06	8.53514	9.0099	8.06039
0.07	8.59767	9.07146	8.12389
0.08	8.65908	9.1318	8.18636
0.09	8.71936	9.19092	8.2478
0.1	8.77852	9.24882	8.30821
0.11	8.83656	9.30552	8.36761
0.12	8.89349	9.36101	8.42598
0.13	8.94931	9.4153	8.48333
0.14	9.00402	9.46839	8.53966
0.15	9.05763	9.52029	8.59498
0.16	9.11015	9.571	8.64929
0.17	9.16156	9.62053	8.7026
0.18	9.2119	9.6689	8.7549
0.19	9.26115	9.7161	8.8062
0.2	9.30932	9.76214	8.85651
0.21	9.35643	9.80703	8.90583
0.22	9.40248	9.85078	8.95417
0.23	9.44747	9.89341	9.00153
0.24	9.49141	9.93491	9.04792
0.25	9.53432	9.9753	9.09334
0.26	9.57619	10.0146	9.1378
0.27	9.61705	10.0528	9.1813
0.28	9.65689	10.0899	9.22387
0.29	9.69573	10.126	9.26549
0.3	9.73357	10.161	9.30618
0.31	9.77043	10.1949	9.34594
0.32	9.80631	10.2278	9.38479
0.33	9.84123	10.2597	9.42273
0.34	9.8752	10.2906	9.45976
0.35	9.90822	10.3205	9.49591
0.36	9.94031	10.3495	9.53117
0.37	9.97148	10.3774	9.56555
0.38	10.0017	10.4044	9.59907
0.39	10.0311	10.4305	9.63173
0.4	10.0596	10.4556	9.66354
0.41	10.0872	10.4799	9.69451
0.42	10.1139	10.5032	9.72466
0.43	10.1398	10.5257	9.75398
0.44	10.1649	10.5473	9.7825
0.45	10.1891	10.5681	9.81021
0.46	10.2126	10.588	9.83714
0.47	10.2352	10.6071	9.86328
0.48	10.257	10.6254	9.88866
0.49	10.2781	10.6429	9.91328
0.5	10.2984	10.6597	9.93715
0.51	10.318	10.6757	9.96028
0.52	10.3368	10.691	9.98268
0.53	10.3549	10.7055	10.0044
0.54	10.3724	10.7194	10.0253
0.55	10.3891	10.7325	10.0456
0.56	10.4051	10.745	10.0652
0.57	10.4205	10.7568	10.0842
0.58	10.4352	10.768	10.1024
0.59	10.4493	10.7786	10.12
0.6	10.4628	10.7886	10.137
0.61	10.4757	10.798	10.1534
0.62	10.4879	10.8068	10.1691
0.63	10.4996	10.815	10.1842
0.64	10.5107	10.8227	10.1987
0.65	10.5213	10.8299	10.2127
0.66	10.5313	10.8366	10.226
0.67	10.5408	10.8427	10.2388
0.68	10.5497	10.8484	10.2511
0.69	10.5582	10.8537	10.2628
0.7	10.5662	10.8584	10.2739
0.71	10.5737	10.8628	10.2846
0.72	10.5807	10.8667	10.2947
0.73	10.5873	10.8702	10.3044
0.74	10.5935	10.8734	10.3135
0.75	10.5992	10.8761	10.3222
0.76	10.6045	10.8785	10.3304
0.77	10.6094	10.8806	10.3382
0.78	10.6139	10.8823	10.3455
0.79	10.618	10.8837	10.3524
0.8	10.6218	10.8847	10.3589
0.81	10.6252	10.8855	10.3649
0.82	10.6283	10.886	10.3706
0.83	10.631	10.8862	10.3759
0.84	10.6335	10.8862	10.3807
0.85	10.6356	10.8859	10.3852
0.86	10.6374	10.8854	10.3894
0.87	10.6389	10.8846	10.3932
0.88	10.6402	10.8837	10.3967
0.89	10.6411	10.8825	10.3998
0.9	10.6419	10.8811	10.4026
0.91	10.6423	10.8795	10.4051
0.92	10.6426	10.8778	10.4074
0.93	10.6426	10.8759	10.4093
0.94	10.6424	10.8738	10.4109
0.95	10.6419	10.8716	10.4123
0.96	10.6413	10.8692	10.4134
0.97	10.6405	10.8667	10.4143
0.98	10.6395	10.864	10.4149
0.99	10.6383	10.8613	10.4153
1	10.637	10.8584	10.4155
1.01	10.6354	10.8554	10.4155
1.02	10.6338	10.8523	10.4152
1.03	10.632	10.8491	10.4148
1.04	10.63	10.8459	10.4142
1.05	10.6279	10.8425	10.4134
1.06	10.6257	10.839	10.4124
1.07	10.6234	10.8355	10.4113
1.08	10.621	10.8319	10.41
1.09	10.6184	10.8283	10.4086
1.1	10.6158	10.8245	10.407
1.11	10.6131	10.8208	10.4054
1.12	10.6102	10.8169	10.4036
1.13	10.6073	10.813	10.4016
1.14	10.6044	10.8091	10.3996
1.15	10.6013	10.8051	10.3975
1.16	10.5982	10.8011	10.3952
1.17	10.595	10.7971	10.3929
1.18	10.5918	10.793	10.3905
1.19	10.5885	10.7889	10.3881
1.2	10.5851	10.7847	10.3855
1.21	10.5817	10.7806	10.3829
1.22	10.5783	10.7764	10.3802
1.23	10.5749	10.7722	10.3775
1.24	10.5714	10.768	10.3748
1.25	10.5678	10.7637	10.372
1.26	10.5643	10.7595	10.3691
1.27	10.5607	10.7552	10.3662
1.28	10.5571	10.7509	10.3633
1.29	10.5535	10.7466	10.3604
1.3	10.5499	10.7424	10.3574
1.31	10.5463	10.7381	10.3544
1.32	10.5426	10.7338	10.3514
1.33	10.539	10.7295	10.3484
1.34	10.5353	10.7252	10.3454
1.35	10.5317	10.7209	10.3424
1.36	10.528	10.7166	10.3394
1.37	10.5243	10.7124	10.3363
1.38	10.5207	10.7081	10.3333
1.39	10.5171	10.7038	10.3303
1.4	10.5134	10.6996	10.3273
1.41	10.5098	10.6954	10.3243
1.42	10.5062	10.6912	10.3213
1.43	10.5026	10.687	10.3183
1.44	10.499	10.6828	10.3153
1.45	10.4955	10.6786	10.3124
1.46	10.4919	10.6745	10.3094
1.47	10.4884	10.6704	10.3065
1.48	10.4849	10.6663	10.3036
1.49	10.4814	10.6622	10.3007
1.5	10.478	10.6582	10.2978
1.51	10.4746	10.6542	10.295
1.52	10.4712	10.6502	10.2921
1.53	10.4678	10.6462	10.2893
1.54	10.4644	10.6423	10.2865
1.55	10.4611	10.6384	10.2838
1.56	10.4578	10.6346	10.281
1.57	10.4546	10.6308	10.2783
1.58	10.4513	10.627	10.2756
1.59	10.4481	10.6233	10.2729
1.6	10.445	10.6196	10.2703
1.61	10.4418	10.616	10.2677
1.62	10.4387	10.6124	10.2651
1.63	10.4357	10.6089	10.2625
1.64	10.4327	10.6054	10.2599
1.65	10.4297	10.6019	10.2574
1.66	10.4267	10.5986	10.2549
1.67	10.4238	10.5952	10.2524
1.68	10.4209	10.5919	10.25
1.69	10.4181	10.5887	10.2475
1.7	10.4153	10.5856	10.2451
1.71	10.4126	10.5825	10.2427
1.72	10.4099	10.5794	10.2404
1.73	10.4072	10.5765	10.238
1.74	10.4046	10.5736	10.2357
1.75	10.4021	10.5707	10.2334
1.76	10.3996	10.568	10.2311
1.77	10.3971	10.5653	10.2289
1.78	10.3947	10.5627	10.2267
1.79	10.3923	10.5601	10.2245
1.8	10.39	10.5576	10.2223
1.81	10.3877	10.5553	10.2202
1.82	10.3855	10.553	10.2181
1.83	10.3834	10.5507	10.216
1.84	10.3813	10.5486	10.2139
1.85	10.3792	10.5465	10.2119
1.86	10.3772	10.5446	10.2099
1.87	10.3753	10.5427	10.2079
1.88	10.3734	10.5409	10.206
1.89	10.3716	10.5392	10.204
1.9	10.3699	10.5376	10.2022
1.91	10.3682	10.5361	10.2003
1.92	10.3666	10.5346	10.1985
1.93	10.365	10.5333	10.1967
1.94	10.3635	10.5321	10.1949
1.95	10.3621	10.531	10.1932
1.96	10.3608	10.53	10.1916
1.97	10.3595	10.5291	10.1899
1.98	10.3583	10.5282	10.1883
1.99	10.3572	10.5275	10.1868
2	10.3561	10.527	10.1853
2.01	10.3552	10.5265	10.1838
2.02	10.3543	10.5261	10.1824
2.03	10.3535	10.5258	10.1811
2.04	10.3527	10.5257	10.1798
2.05	10.3521	10.5256	10.1785
2.06	10.3515	10.5257	10.1774
2.07	10.3511	10.5259	10.1762
2.08	10.3507	10.5262	10.1752
2.09	10.3504	10.5267	10.1742
2.1	10.3502	10.5272	10.1732
2.11	10.3501	10.5279	10.1724
2.12	10.3501	10.5287	10.1716
2.13	10.3502	10.5296	10.1708
2.14	10.3504	10.5307	10.1702
2.15	10.3507	10.5318	10.1696
2.16	10.3512	10.5331	10.1692
2.17	10.3517	10.5346	10.1688
2.18	10.3523	10.5361	10.1685
2.19	10.353	10.5378	10.1682
2.2	10.3539	10.5397	10.1681
2.21	10.3549	10.5416	10.1681
2.22	10.3559	10.5437	10.1681
2.23	10.3571	10.546	10.1683
2.24	10.3585	10.5483	10.1686
2.25	10.3599	10.5508	10.169
2.26	10.3615	10.5535	10.1695
2.27	10.3632	10.5563	10.1701
2.28	10.365	10.5592	10.1708
2.29	10.367	10.5623	10.1716
2.3	10.369	10.5655	10.1726
2.31	10.3713	10.5689	10.1737
2.32	10.3736	10.5724	10.1749
2.33	10.3761	10.5761	10.1762
2.34	10.3788	10.5799	10.1777
2.35	10.3816	10.5838	10.1793
2.36	10.3845	10.588	10.1811
2.37	10.3876	10.5922	10.183
2.38	10.3909	10.5967	10.185
2.39	10.3942	10.6013	10.1872
2.4	10.3978	10.606	10.1896
2.41	10.4015	10.6109	10.1921
2.42	10.4054	10.616	10.1947
2.43	10.4094	10.6212	10.1975
2.44	10.4136	10.6266	10.2005
2.45	10.4179	10.6322	10.2037
2.46	10.4224	10.6379	10.207
2.47	10.4271	10.6438	10.2105
2.48	10.432	10.6499	10.2141
2.49	10.437	10.6561	10.218
2.5	10.4422	10.6625	10.222
2.51	10.4476	10.6691	10.2262
2.52	10.4532	10.6759	10.2305
2.53	10.459	10.6828	10.2351
2.54	10.4649	10.6899	10.2399
2.55	10.471	10.6972	10.2448
2.56	10.4773	10.7047	10.25
2.57	10.4838	10.7123	10.2553
2.58	10.4905	10.7202	10.2608
2.59	10.4974	10.7282	10.2666
2.6	10.5045	10.7364	10.2725
2.61	10.5118	10.7448	10.2787
2.62	10.5192	10.7534	10.285
2.63	10.5269	10.7622	10.2916
2.64	10.5348	10.7712	10.2984
2.65	10.5429	10.7803	10.3054
2.66	10.5512	10.7897	10.3126
2.67	10.5597	10.7993	10.3201
2.68	10.5684	10.809	10.3277
2.69	10.5773	10.819	10.3356
2.7	10.5864	10.8291	10.3437
2.71	10.5958	10.8395	10.3521
2.72	10.6054	10.85	10.3607
2.73	10.6151	10.8608	10.3695
2.74	10.6251	10.8718	10.3785
2.75	10.6354	10.8829	10.3878
2.76	10.6458	10.8943	10.3973
2.77	10.6565	10.9059	10.4071
2.78	10.6674	10.9177	10.4171
2.79	10.6785	10.9297	10.4273
2.8	10.6899	10.9419	10.4378
2.81	10.7014	10.9543	10.4486
2.82	10.7133	10.967	10.4595
2.83	10.7253	10.9798	10.4708
2.84	10.7376	10.9929	10.4823
2.85	10.7501	11.0062	10.494
2.86	10.7628	11.0197	10.506
2.87	10.7758	11.0334	10.5182
2.88	10.789	11.0473	10.5307
2.89	10.8025	11.0615	10.5435
2.9	10.8162	11.0759	10.5565
2.91	10.8301	11.0905	10.5698
2.92	10.8443	11.1053	10.5833
2.93	10.8587	11.1203	10.5971
2.94	10.8734	11.1356	10.6112
2.95	10.8883	11.1511	10.6255
2.96	10.9035	11.1668	10.6401
2.97	10.9189	11.1827	10.655
2.98	10.9345	11.1989	10.6701
2.99	10.9504	11.2152	10.6855
3	10.9665	11.2319	10.7012
3.01	10.9829	11.2487	10.7171
3.02	10.9996	11.2658	10.7333
3.03	11.0164	11.283	10.7498
3.04	11.0336	11.3006	10.7666
3.05	11.051	11.3183	10.7836
3.06	11.0686	11.3363	10.8009
3.07	11.0865	11.3545	10.8184
3.08	11.1046	11.3729	10.8363
3.09	11.123	11.3916	10.8544
3.1	11.1416	11.4105	10.8728
3.11	11.1605	11.4296	10.8914
3.12	11.1797	11.449	10.9104
3.13	11.1991	11.4685	10.9296
3.14	11.2187	11.4883	10.9491
3.15	11.2386	11.5084	10.9688
3.16	11.2587	11.5286	10.9888
3.17	11.2791	11.5491	11.0091
3.18	11.2998	11.5699	11.0297
3.19	11.3207	11.5908	11.0506
3.2	11.3418	11.612	11.0717
3.21	11.3632	11.6334	11.0931
3.22	11.3849	11.655	11.1147
3.23	11.4068	11.6769	11.1367
3.24	11.4289	11.699	11.1589
3.25	11.4514	11.7213	11.1814
3.26	11.474	11.7439	11.2041
3.27	11.4969	11.7666	11.2272
3.28	11.52	11.7896	11.2505
3.29	11.5434	11.8129	11.274
3.3	11.5671	11.8363	11.2979
3.31	11.591	11.86	11.322
3.32	11.6151	11.8839	11.3463
3.33	11.6395	11.908	11.371
3.34	11.6641	11.9323	11.3959
3.35	11.689	11.9569	11.421
3.36	11.7141	11.9817	11.4464
3.37	11.7394	12.0067	11.4721
3.38	11.765	12.0319	11.4981
3.39	11.7908	12.0573	11.5243
3.4	11.8169	12.083	11.5508
3.41	11.8432	12.1088	11.5775
3.42	11.8697	12.1349	11.6045
3.43	11.8965	12.1612	11.6317
3.44	11.9235	12.1877	11.6592
3.45	11.9507	12.2144	11.6869
3.46	11.9781	12.2414	11.7149
3.47	12.0058	12.2685	11.7432
3.48	12.0338	12.2959	11.7717
3.49	12.0619	12.3234	11.8004
3.5	12.0903	12.3512	11.8294
3.51	12.1189	12.3791	11.8586
3.52	12.1477	12.4073	11.888
3.53	12.1767	12.4357	11.9177
3.54	12.206	12.4642	11.9477
3.55	12.2354	12.493	11.9778
3.56	12.2651	12.522	12.0083
3.57	12.295	12.5511	12.0389
3.58	12.3251	12.5805	12.0697
3.59	12.3554	12.61	12.1008
3.6	12.386	12.6398	12.1322
3.61	12.4167	12.6697	12.1637
3.62	12.4476	12.6998	12.1954
3.63	12.4788	12.7301	12.2274
3.64	12.5101	12.7606	12.2596
3.65	12.5416	12.7913	12.292
3.66	12.5734	12.8221	12.3246
3.67	12.6053	12.8532	12.3574
3.68	12.6374	12.8844	12.3905
3.69	12.6697	12.9158	12.4237
3.7	12.7022	12.9473	12.4571
3.71	12.7349	12.979	12.4907
3.72	12.7678	13.0109	12.5246
3.73	12.8008	13.043	12.5586
3.74	12.834	13.0752	12.5928
3.75	12.8674	13.1076	12.6272
3.76	12.901	13.1402	12.6617
3.77	12.9347	13.1729	12.6965
3.78	12.9686	13.2058	12.7314
3.79	13.0027	13.2388	12.7665
3.8	13.0369	13.272	12.8018
3.81	13.0713	13.3053	12.8373
3.82	13.1058	13.3388	12.8729
3.83	13.1405	13.3724	12.9086
3.84	13.1754	13.4062	12.9446
3.85	13.2104	13.4401	12.9807
3.86	13.2455	13.4742	13.0169
3.87	13.2808	13.5084	13.0533
3.88	13.3162	13.5427	13.0898
3.89	13.3518	13.5771	13.1265
3.9	13.3875	13.6117	13.1633
3.91	13.4234	13.6465	13.2002
3.92	13.4593	13.6813	13.2373
3.93	13.4954	13.7163	13.2745
3.94	13.5316	13.7514	13.3119
3.95	13.5679	13.7866	13.3493
3.96	13.6044	13.8219	13.3869
3.97	13.6409	13.8573	13.4246
3.98	13.6776	13.8929	13.4623
3.99	13.7144	13.9285	13.5002
4	13.7513	13.9643	13.5382
4.01	13.7882	14.0001	13.5763
4.02	13.8253	14.0361	13.6145
4.03	13.8625	14.0722	13.6528
4.04	13.8997	14.1083	13.6911
4.05	13.9371	14.1446	13.7296
4.06	13.9745	14.1809	13.7681
4.07	14.012	14.2174	13.8067
4.08	14.0496	14.2539	13.8453
4.09	14.0873	14.2905	13.884
4.1	14.125	14.3271	13.9228
4.11	14.1628	14.3639	13.9617
4.12	14.2006	14.4007	14.0005
4.13	14.2385	14.4376	14.0395
4.14	14.2765	14.4746	14.0785
4.15	14.3145	14.5116	14.1175
4.16	14.3526	14.5487	14.1565
4.17	14.3907	14.5859	14.1956
4.18	14.4289	14.6231	14.2347
4.19	14.4671	14.6603	14.2738
4.2	14.5053	14.6977	14.3129
4.21	14.5436	14.735	14.3521
4.22	14.5818	14.7724	14.3912
4.23	14.6201	14.8099	14.4304
4.24	14.6585	14.8474	14.4696
4.25	14.6968	14.8849	14.5087
4.26	14.7352	14.9225	14.5478
4.27	14.7735	14.9601	14.5869
4.28	14.8119	14.9977	14.626
4.29	14.8502	15.0353	14.6651
4.3	14.8886	15.073	14.7041
4.31	14.9269	15.1107	14.7431
4.32	14.9653	15.1484	14.7821
4.33	15.0036	15.1861	14.821
4.34	15.0419	15.2238	14.8599
4.35	15.0801	15.2616	14.8987
4.36	15.1184	15.2993	14.9375
4.37	15.1566	15.337	14.9762
4.38	15.1948	15.3748	15.0148
4.39	15.2329	15.4125	15.0533
4.4	15.271	15.4502	15.0918
4.41	15.309	15.4879	15.1302
4.42	15.347	15.5256	15.1685
4.43	15.385	15.5632	15.2067
4.44	15.4228	15.6008	15.2448
4.45	15.4606	15.6384	15.2829
4.46	15.4984	15.676	15.3208
4.47	15.5361	15.7135	15.3586
4.48	15.5736	15.751	15.3963
4.49	15.6112	15.7884	15.4339
4.5	15.6486	15.8258	15.4713
4.51	15.6859	15.8632	15.5086
4.52	15.7232	15.9005	15.5458
4.53	15.7603	15.9377	15.5829
4.54	15.7973	15.9749	15.6198
4.55	15.8343	16.012	15.6566
4.56	15.8711	16.049	15.6932
4.57	15.9078	16.0859	15.7297
4.58	15.9444	16.1228	15.7661
4.59	15.9809	16.1596	15.8022
4.6	16.0173	16.1963	15.8382
4.61	16.0535	16.2329	15.8741
4.62	16.0896	16.2694	15.9098
4.63	16.1255	16.3058	15.9453
4.64	16.1613	16.342	15.9806
4.65	16.197	16.3782	16.0157
4.66	16.2325	16.4143	16.0507
4.67	16.2678	16.4502	16.0854
4.68	16.303	16.486	16.12
4.69	16.338	16.5217	16.1544
4.7	16.3729	16.5573	16.1885
4.71	16.4076	16.5927	16.2225
4.72	16.4421	16.6279	16.2563
4.73	16.4764	16.6631	16.2898
4.74	16.5106	16.698	16.3231
4.75	16.5445	16.7328	16.3563
4.76	16.5783	16.7675	16.3892
4.77	16.6119	16.8019	16.4218
4.78	16.6452	16.8362	16.4543
4.79	16.6784	16.8703	16.4865
4.8	16.7114	16.9043	16.5184
4.81	16.7441	16.938	16.5502
4.82	16.7766	16.9716	16.5817
4.83	16.8089	17.0049	16.6129
4.84	16.841	17.0381	16.6439
4.85	16.8729	17.0711	16.6747
4.86	16.9045	17.1038	16.7052
4.87	16.9359	17.1363	16.7354
4.88	16.967	17.1686	16.7654
4.89	16.9979	17.2007	16.7951
4.9	17.0286	17.2325	16.8246
4.91	17.0589	17.2642	16.8537
4.92	17.0891	17.2955	16.8826
4.93	17.119	17.3267	16.9113
4.94	17.1486	17.3575	16.9396
4.95	17.1779	17.3881	16.9677
4.96	17.207	17.4185	16.9955
4.97	17.2358	17.4486	17.0229
4.98	17.2643	17.4784	17.0501
4.99	17.2925	17.508	17.077
5	17.3205	17.5373	17.1036
5.01	17.3481	17.5663	17.1299
5.02	17.3755	17.595	17.1559
5.03	17.4025	17.6234	17.1816
5.04	17.4293	17.6515	17.207
5.05	17.4557	17.6793	17.2321
5.06	17.4818	17.7068	17.2568
5.07	17.5076	17.7341	17.2812
5.08	17.5331	17.7609	17.3053
5.09	17.5583	17.7875	17.3291
5.1	17.5832	17.8138	17.3526
5.11	17.6077	17.8397	17.3757
5.12	17.6319	17.8653	17.3985
5.13	17.6557	17.8906	17.4209
5.14	17.6793	17.9155	17.443
5.15	17.7024	17.9401	17.4648
5.16	17.7253	17.9643	17.4862
5.17	17.7477	17.9882	17.5073
5.18	17.7699	18.0117	17.528
5.19	17.7916	18.0349	17.5484
5.2	17.813	18.0577	17.5684
5.21	17.8341	18.0801	17.588
5.22	17.8547	18.1022	17.6073
5.23	17.875	18.1239	17.6262
5.24	17.895	18.1452	17.6448
5.25	17.9145	18.1661	17.6629
5.26	17.9337	18.1867	17.6807
5.27	17.9525	18.2068	17.6982
5.28	17.9709	18.2266	17.7152
5.29	17.9889	18.2459	17.7319
5.3	18.0065	18.2649	17.7482
5.31	18.0237	18.2834	17.764
5.32	18.0406	18.3016	17.7795
5.33	18.057	18.3193	17.7947
5.34	18.073	18.3366	17.8094
5.35	18.0886	18.3535	17.8237
5.36	18.1038	18.37	17.8376
5.37	18.1186	18.3861	17.8511
5.38	18.133	18.4017	17.8642
5.39	18.1469	18.4169	17.8769
5.4	18.1604	18.4316	17.8892
5.41	18.1735	18.446	17.9011
5.42	18.1862	18.4598	17.9126
5.43	18.1985	18.4733	17.9236
5.44	18.2103	18.4863	17.9343
5.45	18.2216	18.4988	17.9445
5.46	18.2326	18.5109	17.9543
5.47	18.2431	18.5225	17.9636
5.48	18.2531	18.5337	17.9726
5.49	18.2627	18.5444	17.9811
5.5	18.2719	18.5546	17.9891
5.51	18.2806	18.5644	17.9968
5.52	18.2888	18.5737	18.004
5.53	18.2966	18.5826	18.0107
5.54	18.304	18.5909	18.0171
5.55	18.3109	18.5988	18.0229
5.56	18.3173	18.6062	18.0284
5.57	18.3232	18.6131	18.0334
5.58	18.3287	18.6195	18.0379
5.59	18.3338	18.6255	18.042
5.6	18.3383	18.631	18.0457
5.61	18.3424	18.6359	18.0488
5.62	18.346	18.6404	18.0516
5.63	18.3491	18.6444	18.0538
5.64	18.3518	18.6478	18.0557
5.65	18.3539	18.6508	18.057
5.66	18.3556	18.6533	18.0579
5.67	18.3568	18.6553	18.0583
5.68	18.3575	18.6567	18.0583
5.69	18.3578	18.6577	18.0578
5.7	18.3575	18.6581	18.0569
5.71	18.3568	18.6581	18.0554
5.72	18.3555	18.6575	18.0535
5.73	18.3538	18.6564	18.0511
5.74	18.3515	18.6548	18.0483
5.75	18.3488	18.6527	18.045
5.76	18.3456	18.65	18.0411
5.77	18.3419	18.6469	18.0369
5.78	18.3377	18.6432	18.0321
5.79	18.3329	18.639	18.0269
5.8	18.3277	18.6343	18.0212
5.81	18.322	18.629	18.015
5.82	18.3157	18.6232	18.0083
5.83	18.309	18.6169	18.0011
5.84	18.3018	18.6101	17.9935
5.85	18.294	18.6027	17.9853
5.86	18.2857	18.5948	17.9767
5.87	18.277	18.5863	17.9676
5.88	18.2677	18.5774	17.958
5.89	18.2579	18.5679	17.9479
5.9	18.2476	18.5578	17.9374
5.91	18.2368	18.5472	17.9263
5.92	18.2254	18.5361	17.9147
5.93	18.2136	18.5245	17.9027
5.94	18.2012	18.5123	17.8902
5.95	18.1884	18.4996	17.8771
5.96	18.175	18.4863	17.8636
5.97	18.1611	18.4725	17.8496
5.98	18.1466	18.4582	17.8351
5.99	18.1317	18.4433	17.8201
6	18.1163	18.4279	17.8046
6.01	18.1003	18.412	17.7886
6.02	18.0838	18.3955	17.7721
6.03	18.0668	18.3785	17.7551
6.04	18.0493	18.3609	17.7377
6.05	18.0312	18.3428	17.7197
6.06	18.0127	18.3242	17.7012
6.07	17.9936	18.305	17.6823
6.08	17.974	18.2853	17.6628
6.09	17.9539	18.265	17.6429
6.1	17.9333	18.2442	17.6224
6.11	17.9122	18.2229	17.6015
6.12	17.8905	18.201	17.58
6.13	17.8684	18.1786	17.5581
6.14	17.8457	18.1557	17.5357
6.15	17.8225	18.1322	17.5128
6.16	17.7988	18.1082	17.4893
6.17	17.7746	18.0837	17.4654
6.18	17.7498	18.0586	17.441
6.19	17.7246	18.033	17.4161
6.2	17.6988	18.0069	17.3908
6.21	17.6726	17.9803	17.3649
6.22	17.6458	17.9531	17.3385
6.23	17.6185	17.9254	17.3117
6.24	17.5907	17.8972	17.2843
6.25	17.5624	17.8684	17.2565
6.26	17.5336	17.8392	17.2281
6.27	17.5043	17.8094	17.1993
6.28	17.4745	17.7791	17.17
6.29	17.4442	17.7482	17.1402
6.3	17.4134	17.7169	17.11
6.31	17.3821	17.685	17.0792
6.32	17.3503	17.6527	17.048
6.33	17.318	17.6198	17.0162
6.34	17.2852	17.5864	16.984
6.35	17.2519	17.5525	16.9513
6.36	17.2182	17.5181	16.9182
6.37	17.1839	17.4832	16.8845
6.38	17.1491	17.4478	16.8504
6.39	17.1139	17.412	16.8158
6.4	17.0782	17.3756	16.7807
6.41	17.0419	17.3387	16.7452
6.42	17.0052	17.3013	16.7092
6.43	16.9681	17.2635	16.6727
6.44	16.9304	17.2252	16.6357
6.45	16.8923	17.1863	16.5983
6.46	16.8537	17.147	16.5604
6.47	16.8146	17.1073	16.522
6.48	16.7751	17.067	16.4831
6.49	16.7351	17.0263	16.4439
6.5	16.6946	16.9851	16.4041
6.51	16.6537	16.9435	16.3639
6.52	16.6123	16.9014	16.3232
6.53	16.5704	16.8588	16.2821
6.54	16.5281	16.8158	16.2405
6.55	16.4854	16.7723	16.1984
6.56	16.4421	16.7284	16.1559
6.57	16.3985	16.684	16.113
6.58	16.3544	16.6392	16.0696
6.59	16.3098	16.594	16.0257
6.6	16.2649	16.5483	15.9814
6.61	16.2194	16.5022	15.9367
6.62	16.1736	16.4556	15.8915
6.63	16.1273	16.4087	15.8459
6.64	16.0806	16.3613	15.7998
6.65	16.0334	16.3135	15.7533
6.66	15.9859	16.2653	15.7064
6.67	15.9379	16.2167	15.6591
6.68	15.8895	16.1677	15.6113
6.69	15.8407	16.1183	15.5631
6.7	15.7915	16.0685	15.5144
6.71	15.7418	16.0183	15.4654
6.72	15.6918	15.9678	15.4159
6.73	15.6414	15.9168	15.366
6.74	15.5906	15.8655	15.3156
6.75	15.5393	15.8138	15.2649
6.76	15.4877	15.7617	15.2137
6.77	15.4357	15.7093	15.1622
6.78	15.3834	15.6565	15.1102
6.79	15.3306	15.6034	15.0578
6.8	15.2775	15.5499	15.005
6.81	15.224	15.4961	14.9519
6.82	15.1701	15.4419	14.8983
6.83	15.1159	15.3874	14.8443
6.84	15.0613	15.3326	14.7899
6.85	15.0063	15.2774	14.7352
6.86	14.951	15.2219	14.68
6.87	14.8953	15.1662	14.6245
6.88	14.8393	15.1101	14.5686
6.89	14.783	15.0537	14.5123
6.9	14.7263	14.997	14.4556
6.91	14.6693	14.94	14.3986
6.92	14.612	14.8827	14.3412
6.93	14.5543	14.8252	14.2834
6.94	14.4963	14.7673	14.2253
6.95	14.438	14.7092	14.1668
6.96	14.3794	14.6509	14.1079
6.97	14.3205	14.5922	14.0487
6.98	14.2613	14.5333	13.9892
6.99	14.2017	14.4742	13.9293
7	14.1419	14.4148	13.869
7.01	14.0818	14.3552	13.8084
7.02	14.0214	14.2953	13.7475
7.03	13.9607	14.2352	13.6862
7.04	13.8998	14.1749	13.6247
7.05	13.8386	14.1144	13.5628
7.06	13.7771	14.0536	13.5005
7.07	13.7153	13.9926	13.438
7.08	13.6533	13.9315	13.3751
7.09	13.591	13.8701	13.312
7.1	13.5285	13.8085	13.2485
7.11	13.4658	13.7468	13.1848
7.12	13.4028	13.6848	13.1207
7.13	13.3395	13.6227	13.0564
7.14	13.2761	13.5604	12.9917
7.15	13.2124	13.498	12.9268
7.16	13.1485	13.4353	12.8617
7.17	13.0844	13.3725	12.7962
7.18	13.0201	13.3096	12.7305
7.19	12.9555	13.2465	12.6645
7.2	12.8908	13.1833	12.5983
7.21	12.8259	13.1199	12.5318
7.22	12.7608	13.0564	12.4651
7.23	12.6955	12.9928	12.3982
7.24	12.63	12.929	12.331
7.25	12.5643	12.8651	12.2635
7.26	12.4985	12.8011	12.1959
7.27	12.4325	12.737	12.128
7.28	12.3664	12.6728	12.06
7.29	12.3001	12.6085	11.9917
7.3	12.2337	12.5441	11.9232
7.31	12.1671	12.4796	11.8546
7.32	12.1004	12.415	11.7857
7.33	12.0335	12.3504	11.7167
7.34	11.9665	12.2856	11.6475
7.35	11.8995	12.2208	11.5781
7.36	11.8322	12.1559	11.5086
7.37	11.7649	12.091	11.4389
7.38	11.6975	12.026	11.369
7.39	11.63	11.961	11.299
7.4	11.5624	11.8959	11.2289
7.41	11.4947	11.8307	11.1586
7.42	11.4269	11.7656	11.0882
7.43	11.359	11.7004	11.0177
7.44	11.2911	11.6351	10.9471
7.45	11.2231	11.5699	10.8763
7.46	11.1551	11.5046	10.8055
7.47	11.0869	11.4393	10.7346
7.48	11.0188	11.374	10.6636
7.49	10.9506	11.3087	10.5925
7.5	10.8824	11.2434	10.5213
7.51	10.8141	11.1782	10.45
7.52	10.7458	11.1129	10.3787
7.53	10.6775	11.0476	10.3074
7.54	10.6092	10.9824	10.236
7.55	10.5409	10.9172	10.1645
7.56	10.4725	10.852	10.093
7.57	10.4042	10.7869	10.0215
7.58	10.3359	10.7218	9.95
7.59	10.2676	10.6567	9.87845
7.6	10.1993	10.5917	9.80689
7.61	10.131	10.5268	9.73533
7.62	10.0628	10.4619	9.66377
7.63	9.99464	10.3971	9.59223
7.64	9.92651	10.3323	9.5207
7.65	9.85842	10.2676	9.4492
7.66	9.79039	10.2031	9.37772
7.67	9.72242	10.1386	9.30629
7.68	9.65452	10.0741	9.23489
7.69	9.5867	10.0098	9.16355
7.7	9.51895	9.94563	9.09227
7.71	9.45129	9.88153	9.02105
7.72	9.38373	9.81755	8.9499
7.73	9.31626	9.75368	8.87883
7.74	9.24889	9.68993	8.80785
7.75	9.18163	9.62631	8.73695
7.76	9.11449	9.56283	8.66616
7.77	9.04747	9.49948	8.59546
7.78	8.98058	9.43628	8.52488
7.79	8.91382	9.37323	8.45441
7.8	8.8472	9.31033	8.38407
7.81	8.78072	9.24759	8.31386
7.82	8.7144	9.18501	8.24379
7.83	8.64823	9.12261	8.17386
7.84	8.58223	9.06038	8.10408
7.85	8.51639	8.99833	8.03446
7.86	8.45073	8.93646	7.965
7.87	8.38525	8.87479	7.89571
7.88	8.31995	8.81331	7.8266
7.89	8.25485	8.75203	7.75767
7.9	8.18995	8.69096	7.68893
7.91	8.12525	8.63011	7.62039
7.92	8.06076	8.56947	7.55205
7.93	7.99648	8.50905	7.48392
7.94	7.93243	8.44885	7.416
7.95	7.8686	8.3889	7.34831
7.96	7.80501	8.32917	7.28085
7.97	7.74166	8.2697	7.21362
7.98	7.67855	8.21047	7.14663
7.99	7.61569	8.15149	7.07989
8	7.55309	8.09277	7.01341
8.01	7.49075	8.03432	6.94718
8.02	7.42868	7.97613	6.88122
8.03	7.36688	7.91822	6.81554
8.04	7.30536	7.86059	6.75013
8.05	7.24413	7.80325	6.68501
8.06	7.18319	7.74619	6.62019
8.07	7.12254	7.68943	6.55566
8.08	7.0622	7.63297	6.49144
8.09	7.00217	7.57681	6.42752
8.1	6.94244	7.52096	6.36393
8.11	6.88304	7.46543	6.30065
8.12	6.82397	7.41022	6.23771
8.13	6.76522	7.35534	6.1751
8.14	6.70681	7.30078	6.11284
8.15	6.64874	7.24657	6.05092
8.16	6.59102	7.19269	5.98935
8.17	6.53365	7.13916	5.92815
8.18	6.47664	7.08598	5.86731
8.19	6.42	7.03315	5.80684
8.2	6.36372	6.98069	5.74675
8.21	6.30782	6.92859	5.68705
8.22	6.2523	6.87686	5.62773
8.23	6.19716	6.82551	5.56881
8.24	6.14241	6.77454	5.51029
8.25	6.08806	6.72395	5.45218
8.26	6.03412	6.67376	5.39448
8.27	5.98058	6.62396	5.3372
8.28	5.92745	6.57456	5.28034
8.29	5.87474	6.52556	5.22391
8.3	5.82245	6.47697	5.16792
8.31	5.77059	6.4288	5.11237
8.32	5.71916	6.38105	5.05727
8.33	5.66817	6.33372	5.00262
8.34	5.61762	6.28682	4.94843
8.35	5.56752	6.24035	4.8947
8.36	5.51788	6.19432	4.84144
8.37	5.46869	6.14873	4.78866
8.38	5.41997	6.10359	4.73635
8.39	5.37172	6.0589	4.68453
8.4	5.32394	6.01467	4.6332
8.41	5.27663	5.9709	4.58237
8.42	5.22981	5.92759	4.53204
8.43	5.18348	5.88475	4.48222
8.44	5.13764	5.84239	4.4329
8.45	5.0923	5.8005	4.38411
8.46	5.04747	5.7591	4.33583
8.47	5.00313	5.71818	4.28809
8.48	4.95931	5.67776	4.24087
8.49	4.91601	5.63783	4.1942
8.5	4.87323	5.5984	4.14806
8.51	4.83097	5.55947	4.10247
8.52	4.78925	5.52106	4.05744
8.53	4.74806	5.48315	4.01296
8.54	4.7074	5.44576	3.96904
8.55	4.66729	5.4089	3.92569
8.56	4.62773	5.37255	3.88291
8.57	4.58872	5.33674	3.84071
8.58	4.55027	5.30146	3.79909
8.59	4.51238	5.26671	3.75805
8.6	4.47506	5.23251	3.7176
8.61	4.4383	5.19885	3.67775
8.62	4.40212	5.16574	3.63849
8.63	4.36651	5.13318	3.59984
8.64	4.33149	5.10118	3.5618
8.65	4.29705	5.06973	3.52437
8.66	4.2632	5.03885	3.48755
8.67	4.22995	5.00854	3.45136
8.68	4.19729	4.9788	3.41579
8.69	4.16524	4.94963	3.38085
8.7	4.13379	4.92104	3.34654
8.71	4.10295	4.89303	3.31287
8.72	4.07272	4.8656	3.27984
8.73	4.04311	4.83876	3.24745
8.74	4.01412	4.81252	3.21572
8.75	3.98575	4.78687	3.18463
8.76	3.95801	4.76181	3.15421
8.77	3.9309	4.73736	3.12444
8.78	3.90443	4.71351	3.09534
8.79	3.87859	4.69027	3.06691
8.8	3.8534	4.66765	3.03915
8.81	3.82885	4.64563	3.01206
8.82	3.80494	4.62423	2.98565
8.83	3.78169	4.60346	2.95993
8.84	3.75909	4.5833	2.93489
8.85	3.73715	4.56377	2.91054
8.86	3.71587	4.54487	2.88688
8.87	3.69526	4.5266	2.86391
8.88	3.67531	4.50897	2.84165
8.89	3.65603	4.49197	2.82009
8.9	3.63742	4.47562	2.79923
8.91	3.61949	4.4599	2.77908
8.92	3.60224	4.44483	2.75965
8.93	3.58567	4.43041	2.74092
8.94	3.56978	4.41664	2.72292
8.95	3.55458	4.40352	2.70563
8.96	3.54006	4.39106	2.68907
8.97	3.52624	4.37925	2.67323
8.98	3.51311	4.3681	2.65812
8.99	3.50068	4.35762	2.64374
