0	0	1
0.1	0.0998334	0.995004
0.231562	0.229498	0.973309
0.371394	0.362915	0.931822
0.508294	0.486688	0.873576
0.646536	0.602425	0.798176
0.784519	0.706485	0.707728
0.922853	0.797327	0.603548
1.06131	0.872996	0.487727
1.19999	0.932034	0.36237
1.33885	0.97322	0.229876
1.47791	0.995689	0.0927546
1.61717	0.998925	-0.046358
1.75664	0.982781	-0.184776
1.89632	0.947484	-0.319804
2.03621	0.893635	-0.448795
2.17632	0.822201	-0.569197
2.31666	0.734502	-0.678607
2.45722	0.632185	-0.774818
2.59802	0.517198	-0.855866
2.73905	0.391757	-0.920069
2.88033	0.258301	-0.966064
3.02185	0.119452	-0.99284
3.16363	-0.0220401	-0.999757
3.30567	-0.163347	-0.986569
3.44798	-0.301618	-0.953429
3.59056	-0.434038	-0.900894
3.73342	-0.557882	-0.82992
3.87657	-0.670573	-0.741843
4.02002	-0.769735	-0.638363
4.16377	-0.853244	-0.521511
4.30783	-0.919275	-0.393615
4.45221	-0.966344	-0.257253
4.59692	-0.993341	-0.115209
4.74198	-0.999562	0.0295844
4.88738	-0.984728	0.174103
5.03315	-0.948995	0.315291
5.1793	-0.892965	0.450126
5.32583	-0.817673	0.575683
5.47276	-0.724579	0.689192
5.62011	-0.615542	0.788104
5.7679	-0.492787	0.87015
5.91613	-0.358871	0.933387
6.06483	-0.216626	0.976255
6.21402	-0.0691143	0.997609
6.36371	0.080441	0.996759
6.51394	0.228716	0.973493
6.66473	0.372357	0.92809
6.81611	0.508053	0.861326
6.9681	0.632607	0.774473
7.12075	0.743012	0.669278
7.27408	0.836517	0.547942
7.42815	0.910694	0.413081
7.58299	0.963507	0.267682
7.73868	0.99336	0.115049
7.89526	0.999148	-0.041264
8.05281	0.9803	-0.197517
8.21141	0.936801	-0.349863
8.37116	0.869219	-0.494428
8.53218	0.778706	-0.62739
8.69461	0.666995	-0.745062
8.85863	0.536384	-0.843974
9.02447	0.389704	-0.92094
9.19242	0.230276	-0.973125
9.36288	0.0618553	-0.998085
9.53645	-0.111442	-0.993771
9.71404	-0.285243	-0.958455
9.89725	-0.455086	-0.890448
10	-0.544021	-0.839072


0	0	1
1	0.841471	0.540302
2	0.909297	-0.416147
3	0.14112	-0.989992
4	-0.756802	-0.653644
5	-0.958924	0.283662
6	-0.279415	0.96017
7	0.656987	0.753902
8	0.989358	-0.1455
9	0.412118	-0.91113


0.1	0.0125
0.101224	0.0128079
0.109443	0.0149722
0.120293	0.0180879
0.130987	0.0214468
0.142745	0.0254697
0.155121	0.0300775
0.168345	0.0354238
0.182372	0.0415724
0.197271	0.0486414
0.213068	0.0567413
0.229808	0.0660042
0.247532	0.0765728
0.266289	0.0886076
0.286126	0.102287
0.307102	0.117809
0.329276	0.135397
0.352719	0.155302
0.377514	0.177806
0.403759	0.203232
0.431575	0.231953
0.461116	0.264407
0.492588	0.301122
0.52628	0.342755
0.562621	0.39018
0.602312	0.444664
0.646679	0.50837
0.699025	0.586331
0.752955	0.668246
0.808456	0.752068
0.865995	0.835681
0.927883	0.918307
0.971111	0.969494
1.02175	1.02079
1.07496	1.06299
1.13022	1.09287
1.18776	1.10841
1.23887	1.10923
1.28578	1.10006
1.33277	1.08243
1.37981	1.05754
1.42835	1.0257
1.47582	0.98992
1.52453	0.949791
1.5746	0.906238
1.62723	0.859205
1.68359	0.808628
1.74613	0.753484
1.8215	0.689743
1.88896	0.636036
1.95663	0.585784
2.02602	0.538168
2.09364	0.495556
2.16207	0.456102
2.2317	0.419529
2.30312	0.385486
2.37673	0.353758
2.45295	0.324168
2.53216	0.296567
2.61475	0.270827
2.70115	0.246835
2.79181	0.224485
2.88724	0.203679
2.98803	0.184325
3.09484	0.166334
3.20849	0.14962
3.33	0.134096
3.46068	0.119674
3.6024	0.106253
3.75812	0.0937014
3.93397	0.0817782
4.13099	0.0706911
4.19964	0.0672988
4.42789	0.0574592
4.66764	0.0490789
4.91966	0.0419336
5.16914	0.0361613
5.32877	0.0330131
5.62839	0.0280228
5.96541	0.0235407
6.29288	0.0200561
6.60716	0.0173296
6.77913	0.0160445
7.11176	0.0138977
7.28843	0.0129117
7.64023	0.0112094
7.88458	0.0101994
8.27808	0.00881325
8.50664	0.00812187
8.92848	0.00702435
9.34177	0.00613278
10	0.0049998


0.5	0.310078
1.5	0.970351
2.5	0.307409
3.5	0.115737
4.5	0.054751
5.5	0.0300287
6.5	0.0182004
7.5	0.0118499
8.5	0.00814093
9.5	0.00583145
