0	1
1.42074	1.5403
2.45465	1.34636
3.07056	2.08887
3.6216	3.04234
4.52054	5.9912
5.86029	5.87204
7.32849	7.30059
8.49468	8.39186
9.20606	9.77669


0	1	4.61318	0
0.00920606	1.04222	4.55832	0.00940077
0.0184121	1.08393	4.50346	0.0191879
0.0276182	1.12513	4.44861	0.0293566
0.0368242	1.16584	4.39375	0.0399024
0.0460303	1.20603	4.3389	0.0508206
0.0552364	1.24572	4.28404	0.0621065
0.0644424	1.28491	4.22918	0.0737555
0.0736485	1.32359	4.17433	0.0857629
0.0828545	1.36177	4.11947	0.0981241
0.0920606	1.39944	4.06461	0.110834
0.101267	1.43661	4.00976	0.123889
0.110473	1.47327	3.9549	0.137284
0.119679	1.50943	3.90004	0.151014
0.128885	1.54508	3.84519	0.165074
0.138091	1.58022	3.79033	0.17946
0.147297	1.61487	3.73548	0.194168
0.156503	1.649	3.68062	0.209192
0.165709	1.68263	3.62576	0.224528
0.174915	1.71576	3.57091	0.240171
0.184121	1.74838	3.51605	0.256117
0.193327	1.7805	3.46119	0.272361
0.202533	1.81211	3.40634	0.288898
0.211739	1.84322	3.35148	0.305724
0.220945	1.87382	3.29663	0.322834
0.230151	1.90391	3.24177	0.340224
0.239358	1.93351	3.18691	0.357888
0.248564	1.96259	3.13206	0.375822
0.25777	1.99117	3.0772	0.394022
0.266976	2.01925	3.02234	0.412482
0.276182	2.04682	2.96749	0.431199
0.285388	2.07389	2.91263	0.450167
0.294594	2.10045	2.85778	0.469382
0.3038	2.1265	2.80292	0.488839
0.313006	2.15206	2.74806	0.508534
0.322212	2.1771	2.69321	0.528461
0.331418	2.20164	2.63835	0.548617
0.340624	2.22568	2.58349	0.568997
0.34983	2.24921	2.52864	0.589595
0.359036	2.27224	2.47378	0.610408
0.368242	2.29476	2.41893	0.63143
0.377448	2.31678	2.36407	0.652658
0.386654	2.33829	2.30921	0.674086
0.395861	2.35929	2.25436	0.695709
0.405067	2.37979	2.1995	0.717524
0.414273	2.39979	2.14464	0.739525
0.423479	2.41928	2.08979	0.761707
0.432685	2.43827	2.03493	0.784067
0.441891	2.45675	1.98007	0.806599
0.451097	2.47472	1.92522	0.8293
0.460303	2.4922	1.87036	0.852163
0.469509	2.50916	1.81551	0.875185
0.478715	2.52562	1.76065	0.89836
0.487921	2.54158	1.70579	0.921685
0.497127	2.55703	1.65094	0.945155
0.506333	2.57198	1.59608	0.968764
0.515539	2.58642	1.54122	0.992509
0.524745	2.60035	1.48637	1.01638
0.533951	2.61379	1.43151	1.04039
0.543157	2.62671	1.37666	1.06451
0.552364	2.63913	1.3218	1.08875
0.56157	2.65105	1.26694	1.1131
0.570776	2.66246	1.21209	1.13756
0.579982	2.67337	1.15723	1.16212
0.589188	2.68377	1.10237	1.18678
0.598394	2.69366	1.04752	1.21153
0.6076	2.70305	0.992662	1.23637
0.616806	2.71194	0.937806	1.2613
0.626012	2.72032	0.882949	1.2863
0.635218	2.7282	0.828093	1.31138
0.644424	2.73557	0.773237	1.33653
0.65363	2.74243	0.71838	1.36175
0.662836	2.74879	0.663524	1.38703
0.672042	2.75465	0.608668	1.41236
0.681248	2.76	0.553812	1.43774
0.690454	2.76485	0.498955	1.46317
0.699661	2.76919	0.444099	1.48865
0.708867	2.77302	0.389243	1.51416
0.718073	2.77635	0.334386	1.5397
0.727279	2.77918	0.27953	1.56528
0.736485	2.7815	0.224674	1.59087
0.745691	2.78332	0.169818	1.61649
0.754897	2.78463	0.114961	1.64212
0.764103	2.78543	0.060105	1.66776
0.773309	2.78573	0.00524874	1.6934
0.782515	2.78553	-0.0496075	1.71905
0.791721	2.78482	-0.104464	1.74469
0.800927	2.78361	-0.15932	1.77032
0.810133	2.78189	-0.214176	1.79594
0.819339	2.77966	-0.269033	1.82154
0.828545	2.77693	-0.323889	1.84712
0.837751	2.7737	-0.378745	1.87267
0.846957	2.76996	-0.433602	1.89819
0.856164	2.76572	-0.488458	1.92367
0.86537	2.76097	-0.543314	1.94911
0.874576	2.75571	-0.59817	1.9745
0.883782	2.74995	-0.653027	1.99984
0.892988	2.74369	-0.707883	2.02513
0.902194	2.73692	-0.762739	2.05036
0.9114	2.72965	-0.817596	2.07552
0.920606	2.72187	-0.872452	2.10062
0.929812	2.71358	-0.927308	2.12564
0.939018	2.70479	-0.982164	2.15058
0.948224	2.6955	-1.03702	2.17544
0.95743	2.6857	-1.09188	2.20021
0.966636	2.67539	-1.14673	2.22488
0.975842	2.66459	-1.20159	2.24946
0.985048	2.65327	-1.25645	2.27394
0.994254	2.64145	-1.3113	2.29831
1.00346	2.62913	-1.36616	2.32258
1.01267	2.6163	-1.42101	2.34672
1.02187	2.60296	-1.47587	2.37075
1.03108	2.58912	-1.53073	2.39465
1.04028	2.57478	-1.58558	2.41842
1.04949	2.55993	-1.64044	2.44205
1.0587	2.54458	-1.6953	2.46555
1.0679	2.52872	-1.75015	2.4889
1.07711	2.51235	-1.80501	2.5121
1.08631	2.49548	-1.85986	2.53516
1.09552	2.47811	-1.91472	2.55805
1.10473	2.46023	-1.96958	2.58078
1.11393	2.44184	-2.02443	2.60335
1.12314	2.42295	-2.07929	2.62574
1.13235	2.40356	-2.13415	2.64796
1.14155	2.38366	-2.189	2.66999
1.15076	2.36325	-2.24386	2.69184
1.15996	2.34235	-2.29872	2.7135
1.16917	2.32093	-2.35357	2.73497
1.17838	2.29901	-2.40843	2.75624
1.18758	2.27659	-2.46328	2.7773
1.19679	2.25366	-2.51814	2.79815
1.20599	2.23022	-2.573	2.81879
1.2152	2.20628	-2.62785	2.83921
1.22441	2.18184	-2.68271	2.85941
1.23361	2.15689	-2.73757	2.87938
1.24282	2.13143	-2.79242	2.89912
1.25202	2.10547	-2.84728	2.91863
1.26123	2.07901	-2.90213	2.93789
1.27044	2.05204	-2.95699	2.9569
1.27964	2.02456	-3.01185	2.97567
1.28885	1.99658	-3.0667	2.99418
1.29805	1.9681	-3.12156	3.01243
1.30726	1.93911	-3.17642	3.03041
1.31647	1.90962	-3.23127	3.04813
1.32567	1.87962	-3.28613	3.06557
1.33488	1.84911	-3.34098	3.08274
1.34408	1.8181	-3.39584	3.09962
1.35329	1.78659	-3.4507	3.11621
1.3625	1.75457	-3.50555	3.13251
1.3717	1.72204	-3.56041	3.14851
1.38091	1.68901	-3.61527	3.16421
1.39011	1.65548	-3.67012	3.17961
1.39932	1.62144	-3.72498	3.19469
1.40853	1.58689	-3.77983	3.20946
1.41773	1.55184	-3.83469	3.22391
1.42694	1.51654	-3.8086	3.23803
1.43615	1.48178	-3.74333	3.25183
1.44535	1.44762	-3.67807	3.26532
1.45456	1.41406	-3.6128	3.27849
1.46376	1.3811	-3.54753	3.29136
1.47297	1.34874	-3.48227	3.30392
1.48218	1.31698	-3.417	3.31619
1.49138	1.28582	-3.35173	3.32817
1.50059	1.25527	-3.28646	3.33987
1.50979	1.22531	-3.2212	3.35129
1.519	1.19596	-3.15593	3.36243
1.52821	1.16721	-3.09066	3.37331
1.53741	1.13905	-3.0254	3.38392
1.54662	1.1115	-2.96013	3.39428
1.55582	1.08455	-2.89486	3.40439
1.56503	1.0582	-2.8296	3.41425
1.57424	1.03245	-2.76433	3.42388
1.58344	1.0073	-2.69906	3.43326
1.59265	0.982757	-2.63379	3.44242
1.60185	0.95881	-2.56853	3.45136
1.61106	0.935465	-2.50326	3.46008
1.62027	0.91272	-2.43799	3.46859
1.62947	0.890576	-2.37273	3.47689
1.63868	0.869033	-2.30746	3.48499
1.64788	0.848091	-2.24219	3.49289
1.65709	0.82775	-2.17693	3.5006
1.6663	0.808009	-2.11166	3.50813
1.6755	0.78887	-2.04639	3.51548
1.68471	0.770331	-1.98113	3.52266
1.69391	0.752393	-1.91586	3.52967
1.70312	0.735056	-1.85059	3.53651
1.71233	0.718319	-1.78532	3.5432
1.72153	0.702184	-1.72006	3.54974
1.73074	0.68665	-1.65479	3.55613
1.73995	0.671716	-1.58952	3.56239
1.74915	0.657383	-1.52426	3.5685
1.75836	0.643651	-1.45899	3.57449
1.76756	0.63052	-1.39372	3.58036
1.77677	0.61799	-1.32846	3.5861
1.78598	0.60606	-1.26319	3.59174
1.79518	0.594732	-1.19792	3.59726
1.80439	0.584004	-1.13266	3.60269
1.81359	0.573877	-1.06739	3.60802
1.8228	0.564351	-1.00212	3.61326
1.83201	0.555426	-0.936854	3.61841
1.84121	0.547102	-0.871587	3.62348
1.85042	0.539378	-0.80632	3.62848
1.85962	0.532256	-0.741053	3.63342
1.86883	0.525734	-0.675786	3.63829
1.87804	0.519813	-0.61052	3.6431
1.88724	0.514493	-0.545253	3.64786
1.89645	0.509774	-0.479986	3.65257
1.90565	0.505655	-0.414719	3.65725
1.91486	0.502138	-0.349452	3.66189
1.92407	0.499221	-0.284185	3.66649
1.93327	0.496905	-0.218918	3.67108
1.94248	0.49519	-0.153651	3.67565
1.95168	0.494076	-0.0883839	3.6802
1.96089	0.493563	-0.023117	3.68474
1.9701	0.493651	0.04215	3.68929
1.9793	0.494339	0.107417	3.69384
1.98851	0.495629	0.172684	3.69839
1.99771	0.497519	0.237951	3.70296
2.00692	0.50001	0.303218	3.70755
2.01613	0.503102	0.368485	3.71217
2.02533	0.506794	0.433752	3.71682
2.03454	0.511088	0.499019	3.7215
2.04375	0.515982	0.564286	3.72623
2.05295	0.521478	0.629553	3.73101
2.06216	0.527574	0.694819	3.73583
2.07136	0.534271	0.760086	3.74072
2.08057	0.541568	0.825353	3.74567
2.08978	0.549467	0.89062	3.75069
2.09898	0.557967	0.955887	3.75579
2.10819	0.567067	1.02115	3.76097
2.11739	0.576768	1.08642	3.76623
2.1266	0.58707	1.15169	3.77159
2.13581	0.597973	1.21696	3.77705
2.14501	0.609477	1.28222	3.7826
2.15422	0.621582	1.34749	3.78827
2.16342	0.634287	1.41276	3.79405
2.17263	0.647594	1.47802	3.79995
2.18184	0.661501	1.54329	3.80598
2.19104	0.676009	1.60856	3.81213
2.20025	0.691118	1.67382	3.81842
2.20945	0.706827	1.73909	3.82486
2.21866	0.723138	1.80436	3.83144
2.22787	0.740049	1.86962	3.83817
2.23707	0.757562	1.93489	3.84507
2.24628	0.775675	2.00016	3.85212
2.25548	0.794389	2.06543	3.85935
2.26469	0.813704	2.13069	3.86675
2.2739	0.833619	2.19596	3.87433
2.2831	0.854136	2.26123	3.8821
2.29231	0.875253	2.32649	3.89006
2.30151	0.896972	2.39176	3.89822
2.31072	0.919291	2.45703	3.90658
2.31993	0.942211	2.52229	3.91515
2.32913	0.965732	2.58756	3.92393
2.33834	0.989853	2.65283	3.93293
2.34755	1.01458	2.71809	3.94216
2.35675	1.0399	2.78336	3.95161
2.36596	1.06582	2.84863	3.96131
2.37516	1.09235	2.9139	3.97124
2.38437	1.11947	2.97916	3.98142
2.39358	1.1472	3.04443	3.99185
2.40278	1.17553	3.1097	4.00254
2.41199	1.20446	3.17496	4.0135
2.42119	1.23399	3.24023	4.02472
2.4304	1.26412	3.3055	4.03622
2.43961	1.29485	3.37076	4.048
2.44881	1.32618	3.43603	4.06006
2.45802	1.35803	3.45256	4.07242
2.46722	1.3895	3.38464	4.08507
2.47643	1.42035	3.31673	4.098
2.48564	1.45057	3.24881	4.11122
2.49484	1.48017	3.1809	4.12471
2.50405	1.50914	3.11298	4.13847
2.51325	1.53748	3.04507	4.15249
2.52246	1.5652	2.97715	4.16677
2.53167	1.5923	2.90924	4.18131
2.54087	1.61877	2.84132	4.19609
2.55008	1.64461	2.77341	4.21111
2.55928	1.66983	2.70549	4.22637
2.56849	1.69443	2.63758	4.24185
2.5777	1.7184	2.56966	4.25756
2.5869	1.74174	2.50174	4.27349
2.59611	1.76446	2.43383	4.28963
2.60531	1.78655	2.36591	4.30598
2.61452	1.80802	2.298	4.32252
2.62373	1.82886	2.23008	4.33927
2.63293	1.84908	2.16217	4.3562
2.64214	1.86867	2.09425	4.37331
2.65135	1.88764	2.02634	4.3906
2.66055	1.90598	1.95842	4.40806
2.66976	1.9237	1.89051	4.42569
2.67896	1.94079	1.82259	4.44348
2.68817	1.95726	1.75468	4.46142
2.69738	1.9731	1.68676	4.47952
2.70658	1.98831	1.61885	4.49775
2.71579	2.0029	1.55093	4.51612
2.72499	2.01687	1.48302	4.53463
2.7342	2.03021	1.4151	4.55326
2.74341	2.04292	1.34719	4.572
2.75261	2.05501	1.27927	4.59087
2.76182	2.06648	1.21136	4.60984
2.77102	2.07732	1.14344	4.62891
2.78023	2.08753	1.07552	4.64809
2.78944	2.09712	1.00761	4.66735
2.79864	2.10608	0.939694	4.6867
2.80785	2.11442	0.871779	4.70612
2.81705	2.12214	0.803864	4.72563
2.82626	2.12922	0.735949	4.74519
2.83547	2.13569	0.668033	4.76483
2.84467	2.14152	0.600118	4.78452
2.85388	2.14674	0.532203	4.80425
2.86308	2.15132	0.464288	4.82404
2.87229	2.15528	0.396372	4.84386
2.8815	2.15862	0.328457	4.86372
2.8907	2.16133	0.260542	4.88361
2.89991	2.16342	0.192627	4.90351
2.90911	2.16488	0.124711	4.92344
2.91832	2.16571	0.0567962	4.94337
2.92753	2.16592	-0.011119	4.96331
2.93673	2.16551	-0.0790342	4.98325
2.94594	2.16447	-0.146949	5.00318
2.95515	2.1628	-0.214865	5.0231
2.96435	2.16051	-0.28278	5.043
2.97356	2.1576	-0.350695	5.06288
2.98276	2.15406	-0.41861	5.08272
2.99197	2.14989	-0.486526	5.10254
3.00118	2.1451	-0.554441	5.12231
3.01038	2.13968	-0.622356	5.14203
3.01959	2.13364	-0.690271	5.1617
3.02879	2.12697	-0.758187	5.18131
3.038	2.11968	-0.826102	5.20086
3.04721	2.11176	-0.894017	5.22034
3.05641	2.10322	-0.961932	5.23974
3.06562	2.09405	-1.02985	5.25906
3.07482	2.08442	-1.02303	5.27829
3.08403	2.07543	-0.929584	5.29744
3.09324	2.0673	-0.836139	5.31651
3.10244	2.06003	-0.742694	5.33551
3.11165	2.05363	-0.649249	5.35444
3.12085	2.04808	-0.555804	5.37332
3.13006	2.04339	-0.46236	5.39215
3.13927	2.03957	-0.368915	5.41095
3.14847	2.0366	-0.27547	5.42971
3.15768	2.03449	-0.182025	5.44845
3.16688	2.03325	-0.08858	5.46717
3.17609	2.03286	0.00486491	5.48589
3.1853	2.03334	0.0983098	5.5046
3.1945	2.03467	0.191755	5.52333
3.20371	2.03687	0.2852	5.54207
3.21291	2.03992	0.378644	5.56083
3.22212	2.04384	0.472089	5.57963
3.23133	2.04862	0.565534	5.59847
3.24053	2.05425	0.658979	5.61735
3.24974	2.06075	0.752424	5.63629
3.25894	2.06811	0.845869	5.6553
3.26815	2.07632	0.939314	5.67438
3.27736	2.0854	1.03276	5.69353
3.28656	2.09534	1.1262	5.71277
3.29577	2.10614	1.21965	5.73211
3.30498	2.11779	1.31309	5.75156
3.31418	2.13031	1.40654	5.77111
3.32339	2.14369	1.49998	5.79078
3.33259	2.15793	1.59343	5.81058
3.3418	2.17303	1.68687	5.83052
3.35101	2.18899	1.78032	5.85059
3.36021	2.20581	1.87376	5.87082
3.36942	2.22349	1.96721	5.89121
3.37862	2.24203	2.06065	5.91176
3.38783	2.26143	2.1541	5.93249
3.39704	2.28169	2.24754	5.95341
3.40624	2.30281	2.34099	5.97451
3.41545	2.32479	2.43443	5.99581
3.42465	2.34764	2.52788	6.01731
3.43386	2.37134	2.62132	6.03904
3.44307	2.3959	2.71477	6.06098
3.45227	2.42132	2.80821	6.08315
3.46148	2.44761	2.90166	6.10556
3.47068	2.47475	2.9951	6.12822
3.47989	2.50275	3.08855	6.15113
3.4891	2.53162	3.18199	6.1743
3.4983	2.56134	3.27544	6.19775
3.50751	2.59192	3.36888	6.22147
3.51671	2.62337	3.46233	6.24547
3.52592	2.65567	3.55577	6.26977
3.53513	2.68884	3.64922	6.29437
3.54433	2.72286	3.74266	6.31928
3.55354	2.75775	3.83611	6.34451
3.56274	2.79349	3.92955	6.37006
3.57195	2.8301	4.023	6.39594
3.58116	2.86756	4.11644	6.42217
3.59036	2.90589	4.20989	6.44874
3.59957	2.94508	4.30333	6.47568
3.60878	2.98512	4.39677	6.50297
3.61798	3.02603	4.49022	6.53064
3.62719	3.0676	4.51144	6.55869
3.63639	3.10901	4.48591	6.58712
3.6456	3.15019	4.46037	6.61593
3.65481	3.19114	4.43484	6.64512
3.66401	3.23185	4.40931	6.67469
3.67322	3.27232	4.38378	6.70463
3.68242	3.31256	4.35825	6.73494
3.69163	3.35257	4.33271	6.76562
3.70084	3.39234	4.30718	6.79666
3.71004	3.43187	4.28165	6.82808
3.71925	3.47117	4.25612	6.85985
3.72845	3.51023	4.23059	6.89199
3.73766	3.54906	4.20505	6.92448
3.74687	3.58766	4.17952	6.95733
3.75607	3.62602	4.15399	6.99054
3.76528	3.66414	4.12846	7.02409
3.77448	3.70203	4.10293	7.058
3.78369	3.73969	4.07739	7.09226
3.7929	3.7771	4.05186	7.12686
3.8021	3.81429	4.02633	7.1618
3.81131	3.85124	4.0008	7.19708
3.82051	3.88795	3.97527	7.23271
3.82972	3.92443	3.94973	7.26867
3.83893	3.96068	3.9242	7.30496
3.84813	3.99668	3.89867	7.34159
3.85734	4.03246	3.87314	7.37855
3.86654	4.068	3.84761	7.41584
3.87575	4.1033	3.82207	7.45345
3.88496	4.13837	3.79654	7.49139
3.89416	4.1732	3.77101	7.52965
3.90337	4.2078	3.74548	7.56822
3.91258	4.24216	3.71995	7.60712
3.92178	4.27629	3.69441	7.64633
3.93099	4.31019	3.66888	7.68585
3.94019	4.34385	3.64335	7.72569
3.9494	4.37727	3.61782	7.76583
3.95861	4.41046	3.59228	7.80628
3.96781	4.44341	3.56675	7.84704
3.97702	4.47613	3.54122	7.8881
3.98622	4.50861	3.51569	7.92945
3.99543	4.54086	3.49016	7.97111
4.00464	4.57287	3.46462	8.01306
4.01384	4.60465	3.43909	8.0553
4.02305	4.63619	3.41356	8.09784
4.03225	4.6675	3.38803	8.14067
4.04146	4.69857	3.3625	8.18378
4.05067	4.72941	3.33696	8.22718
4.05987	4.76002	3.31143	8.27086
4.06908	4.79038	3.2859	8.31482
4.07828	4.82052	3.26037	8.35906
4.08749	4.85041	3.23484	8.40357
4.0967	4.88008	3.2093	8.44836
4.1059	4.9095	3.18377	8.49342
4.11511	4.9387	3.15824	8.53875
4.12431	4.96765	3.13271	8.58435
4.13352	4.99638	3.10718	8.63022
4.14273	5.02486	3.08164	8.67635
4.15193	5.05311	3.05611	8.72274
4.16114	5.08113	3.03058	8.76939
4.17034	5.10891	3.00505	8.81629
4.17955	5.13646	2.97952	8.86345
4.18876	5.16377	2.95398	8.91086
4.19796	5.19085	2.92845	8.95853
4.20717	5.21769	2.90292	9.00644
4.21638	5.2443	2.87739	9.05459
4.22558	5.27067	2.85185	9.10299
4.23479	5.29681	2.82632	9.15164
4.24399	5.32271	2.80079	9.20052
4.2532	5.34838	2.77526	9.24964
4.26241	5.37381	2.74973	9.29899
4.27161	5.399	2.72419	9.34858
4.28082	5.42397	2.69866	9.3984
4.29002	5.44869	2.67313	9.44845
4.29923	5.47318	2.6476	9.49872
4.30844	5.49744	2.62207	9.54922
4.31764	5.52146	2.59653	9.59994
4.32685	5.54525	2.571	9.65088
4.33605	5.5688	2.54547	9.70204
4.34526	5.59212	2.51994	9.75341
4.35447	5.6152	2.49441	9.805
4.36367	5.63804	2.46887	9.8568
4.37288	5.66065	2.44334	9.90881
4.38208	5.68303	2.41781	9.96102
4.39129	5.70517	2.39228	10.0134
4.4005	5.72708	2.36675	10.0661
4.4097	5.74875	2.34121	10.1189
4.41891	5.77018	2.31568	10.1719
4.42811	5.79138	2.29015	10.2251
4.43732	5.81235	2.26462	10.2785
4.44653	5.83308	2.23909	10.3321
4.45573	5.85358	2.21355	10.3859
4.46494	5.87384	2.18802	10.4399
4.47414	5.89386	2.16249	10.4941
4.48335	5.91365	2.13696	10.5484
4.49256	5.93321	2.11142	10.603
4.50176	5.95253	2.08589	10.6577
4.51097	5.97161	2.06036	10.7126
4.52018	5.99046	2.03483	10.7676
4.52938	6.00906	2.0058	10.8229
4.53859	6.0274	1.97663	10.8783
4.54779	6.04546	1.94745	10.9338
4.557	6.06325	1.91828	10.9896
4.56621	6.08078	1.88911	11.0455
4.57541	6.09803	1.85993	11.1015
4.58462	6.11502	1.83076	11.1578
4.59382	6.13174	1.80159	11.2141
4.60303	6.14819	1.77241	11.2707
4.61224	6.16438	1.74324	11.3273
4.62144	6.18029	1.71407	11.3842
4.63065	6.19594	1.6849	11.4411
4.63985	6.21131	1.65572	11.4982
4.64906	6.22642	1.62655	11.5555
4.65827	6.24126	1.59738	11.6129
4.66747	6.25583	1.5682	11.6704
4.67668	6.27014	1.53903	11.7281
4.68588	6.28417	1.50986	11.7858
4.69509	6.29794	1.48068	11.8438
4.7043	6.31143	1.45151	11.9018
4.7135	6.32466	1.42234	11.96
4.72271	6.33762	1.39317	12.0183
4.73191	6.35031	1.36399	12.0767
4.74112	6.36273	1.33482	12.1352
4.75033	6.37489	1.30565	12.1938
4.75953	6.38677	1.27647	12.2525
4.76874	6.39839	1.2473	12.3114
4.77794	6.40974	1.21813	12.3704
4.78715	6.42082	1.18895	12.4294
4.79636	6.43163	1.15978	12.4886
4.80556	6.44217	1.13061	12.5478
4.81477	6.45245	1.10144	12.6072
4.82398	6.46245	1.07226	12.6666
4.83318	6.47219	1.04309	12.7262
4.84239	6.48166	1.01392	12.7858
4.85159	6.49086	0.984744	12.8455
4.8608	6.49979	0.95557	12.9053
4.87001	6.50845	0.926397	12.9652
4.87921	6.51685	0.897224	13.0251
4.88842	6.52497	0.868051	13.0852
4.89762	6.53283	0.838878	13.1453
4.90683	6.54042	0.809705	13.2055
4.91604	6.54774	0.780532	13.2657
4.92524	6.55479	0.751359	13.326
4.93445	6.56157	0.722186	13.3864
4.94365	6.56809	0.693013	13.4468
4.95286	6.57433	0.66384	13.5073
4.96207	6.58031	0.634667	13.5679
4.97127	6.58602	0.605494	13.6285
4.98048	6.59146	0.576321	13.6891
4.98968	6.59663	0.547148	13.7498
4.99889	6.60153	0.517975	13.8106
5.0081	6.60617	0.488802	13.8714
5.0173	6.61053	0.459629	13.9322
5.02651	6.61463	0.430456	13.9931
5.03571	6.61846	0.401283	14.054
5.04492	6.62202	0.37211	14.115
5.05413	6.62531	0.342937	14.1759
5.06333	6.62833	0.313764	14.2369
5.07254	6.63109	0.284591	14.298
5.08174	6.63357	0.255418	14.359
5.09095	6.63579	0.226245	14.4201
5.10016	6.63774	0.197072	14.4812
5.10936	6.63942	0.167899	14.5423
5.11857	6.64083	0.138726	14.6035
5.12777	6.64197	0.109553	14.6646
5.13698	6.64285	0.0803801	14.7258
5.14619	6.64345	0.0512071	14.7869
5.15539	6.64379	0.0220341	14.8481
5.1646	6.64386	-0.00713896	14.9092
5.17381	6.64366	-0.036312	14.9704
5.18301	6.64319	-0.065485	15.0316
5.19222	6.64245	-0.094658	15.0927
5.20142	6.64145	-0.123831	15.1539
5.21063	6.64017	-0.153004	15.215
5.21984	6.63863	-0.182177	15.2761
5.22904	6.63682	-0.21135	15.3372
5.23825	6.63474	-0.240523	15.3983
5.24745	6.63239	-0.269696	15.4594
5.25666	6.62977	-0.298869	15.5204
5.26587	6.62689	-0.328042	15.5815
5.27507	6.62373	-0.357215	15.6424
5.28428	6.62031	-0.386388	15.7034
5.29348	6.61662	-0.415561	15.7643
5.30269	6.61266	-0.444734	15.8252
5.3119	6.60843	-0.473907	15.8861
5.3211	6.60393	-0.50308	15.9469
5.33031	6.59917	-0.532253	16.0077
5.33951	6.59413	-0.561426	16.0684
5.34872	6.58883	-0.590599	16.1291
5.35793	6.58326	-0.619772	16.1897
5.36713	6.57742	-0.648945	16.2503
5.37634	6.57131	-0.678118	16.3108
5.38554	6.56493	-0.707291	16.3713
5.39475	6.55829	-0.736464	16.4317
5.40396	6.55137	-0.765637	16.492
5.41316	6.54419	-0.79481	16.5523
5.42237	6.53674	-0.823983	16.6125
5.43157	6.52902	-0.853156	16.6727
5.44078	6.52103	-0.882329	16.7328
5.44999	6.51277	-0.911502	16.7927
5.45919	6.50425	-0.940675	16.8527
5.4684	6.49545	-0.969848	16.9125
5.47761	6.48639	-0.999021	16.9723
5.48681	6.47706	-1.02819	17.0319
5.49602	6.46746	-1.05737	17.0915
5.50522	6.45759	-1.08654	17.151
5.51443	6.44745	-1.11571	17.2104
5.52364	6.43705	-1.14489	17.2697
5.53284	6.42637	-1.17406	17.3289
5.54205	6.41543	-1.20323	17.388
5.55125	6.40422	-1.23241	17.4471
5.56046	6.39274	-1.26158	17.506
5.56967	6.38099	-1.29075	17.5648
5.57887	6.36897	-1.31992	17.6234
5.58808	6.35669	-1.3491	17.682
5.59728	6.34413	-1.37827	17.7405
5.60649	6.33131	-1.40744	17.7988
5.6157	6.31822	-1.43662	17.8571
5.6249	6.30486	-1.46579	17.9152
5.63411	6.29123	-1.49496	17.9731
5.64331	6.27733	-1.52414	18.031
5.65252	6.26317	-1.55331	18.0887
5.66173	6.24874	-1.58248	18.1463
5.67093	6.23403	-1.61165	18.2038
5.68014	6.21906	-1.64083	18.2611
5.68934	6.20382	-1.67	18.3183
5.69855	6.18831	-1.69917	18.3753
5.70776	6.17254	-1.72835	18.4322
5.71696	6.15649	-1.75752	18.489
5.72617	6.14018	-1.78669	18.5456
5.73537	6.12359	-1.81587	18.602
5.74458	6.10674	-1.84504	18.6583
5.75379	6.08962	-1.87421	18.7145
5.76299	6.07223	-1.90338	18.7704
5.7722	6.05458	-1.93256	18.8263
5.78141	6.03665	-1.96173	18.8819
5.79061	6.01846	-1.9909	18.9374
5.79982	5.99999	-2.02008	18.9927
5.80902	5.98126	-2.04925	19.0479
5.81823	5.96226	-2.07842	19.1029
5.82744	5.943	-2.1076	19.1577
5.83664	5.92346	-2.13677	19.2123
5.84585	5.90365	-2.16594	19.2667
5.85505	5.88358	-2.19511	19.321
5.86426	5.8633	-2.1945	19.375
5.87347	5.84328	-2.15457	19.4289
5.88267	5.82363	-2.11463	19.4826
5.89188	5.80434	-2.07469	19.5362
5.90108	5.78543	-2.03475	19.5895
5.91029	5.76688	-1.99481	19.6427
5.9195	5.7487	-1.95487	19.6957
5.9287	5.73088	-1.91494	19.7485
5.93791	5.71344	-1.875	19.8012
5.94711	5.69636	-1.83506	19.8537
5.95632	5.67965	-1.79512	19.9061
5.96553	5.66331	-1.75518	19.9583
5.97473	5.64734	-1.71525	20.0104
5.98394	5.63173	-1.67531	20.0623
5.99314	5.61649	-1.63537	20.1141
6.00235	5.60162	-1.59543	20.1657
6.01156	5.58711	-1.55549	20.2172
6.02076	5.57298	-1.51555	20.2686
6.02997	5.55921	-1.47562	20.3198
6.03917	5.54581	-1.43568	20.3709
6.04838	5.53278	-1.39574	20.4219
6.05759	5.52011	-1.3558	20.4728
6.06679	5.50781	-1.31586	20.5236
6.076	5.49588	-1.27592	20.5742
6.08521	5.48432	-1.23599	20.6247
6.09441	5.47313	-1.19605	20.6752
6.10362	5.4623	-1.15611	20.7255
6.11282	5.45184	-1.11617	20.7758
6.12203	5.44175	-1.07623	20.8259
6.13124	5.43202	-1.0363	20.876
6.14044	5.42267	-0.996357	20.9259
6.14965	5.41368	-0.956419	20.9758
6.15885	5.40506	-0.916481	21.0256
6.16806	5.3968	-0.876543	21.0753
6.17727	5.38892	-0.836604	21.125
6.18647	5.3814	-0.796666	21.1745
6.19568	5.37425	-0.756728	21.224
6.20488	5.36747	-0.71679	21.2735
6.21409	5.36105	-0.676852	21.3229
6.2233	5.355	-0.636913	21.3722
6.2325	5.34933	-0.596975	21.4215
6.24171	5.34401	-0.557037	21.4707
6.25091	5.33907	-0.517099	21.5199
6.26012	5.33449	-0.477161	21.569
6.26933	5.33028	-0.437222	21.6181
6.27853	5.32644	-0.397284	21.6671
6.28774	5.32297	-0.357346	21.7162
6.29694	5.31986	-0.317408	21.7651
6.30615	5.31712	-0.27747	21.8141
6.31536	5.31475	-0.237531	21.863
6.32456	5.31275	-0.197593	21.912
6.33377	5.31112	-0.157655	21.9609
6.34297	5.30985	-0.117717	22.0098
6.35218	5.30895	-0.0777786	22.0586
6.36139	5.30842	-0.0378404	22.1075
6.37059	5.30825	0.00209783	22.1564
6.3798	5.30845	0.042036	22.2052
6.38901	5.30903	0.0819742	22.2541
6.39821	5.30996	0.121912	22.303
6.40742	5.31127	0.161851	22.3519
6.41662	5.31294	0.201789	22.4008
6.42583	5.31499	0.241727	22.4497
6.43504	5.31739	0.281665	22.4987
6.44424	5.32017	0.321603	22.5476
6.45345	5.32332	0.361542	22.5966
6.46265	5.32683	0.40148	22.6456
6.47186	5.33071	0.441418	22.6947
6.48107	5.33496	0.481356	22.7438
6.49027	5.33957	0.521295	22.7929
6.49948	5.34455	0.561233	22.8421
6.50868	5.3499	0.601171	22.8913
6.51789	5.35562	0.641109	22.9406
6.5271	5.36171	0.681047	22.9899
6.5363	5.36816	0.720986	23.0393
6.54551	5.37498	0.760924	23.0888
6.55471	5.38217	0.800862	23.1383
6.56392	5.38973	0.8408	23.1879
6.57313	5.39765	0.880738	23.2375
6.58233	5.40595	0.920677	23.2873
6.59154	5.41461	0.960615	23.3371
6.60074	5.42363	1.00055	23.3869
6.60995	5.43303	1.04049	23.4369
6.61916	5.44279	1.08043	23.487
6.62836	5.45292	1.12037	23.5371
6.63757	5.46342	1.16031	23.5874
6.64677	5.47428	1.20024	23.6377
6.65598	5.48552	1.24018	23.6882
6.66519	5.49712	1.28012	23.7387
6.67439	5.50909	1.32006	23.7894
6.6836	5.52142	1.36	23.8402
6.69281	5.53413	1.39994	23.8911
6.70201	5.5472	1.43987	23.9421
6.71122	5.56064	1.47981	23.9932
6.72042	5.57445	1.51975	24.0444
6.72963	5.58862	1.55969	24.0958
6.73884	5.60316	1.59963	24.1473
6.74804	5.61807	1.63956	24.199
6.75725	5.63335	1.6795	24.2508
6.76645	5.649	1.71944	24.3027
6.77566	5.66501	1.75938	24.3548
6.78487	5.68139	1.79932	24.407
6.79407	5.69814	1.83926	24.4594
6.80328	5.71525	1.87919	24.5119
6.81248	5.73274	1.91913	24.5646
6.82169	5.75059	1.95907	24.6175
6.8309	5.76881	1.99901	24.6705
6.8401	5.7874	2.03895	24.7237
6.84931	5.80635	2.07888	24.7771
6.85851	5.82567	2.11882	24.8306
6.86772	5.84536	2.15876	24.8843
6.87693	5.86542	2.1987	24.9382
6.88613	5.88585	2.23864	24.9923
6.89534	5.90664	2.27858	25.0466
6.90454	5.9278	2.31851	25.1011
6.91375	5.94933	2.35845	25.1558
6.92296	5.97122	2.39839	25.2106
6.93216	5.99349	2.43833	25.2657
6.94137	6.01612	2.47827	25.321
6.95057	6.03912	2.5182	25.3765
6.95978	6.06248	2.55814	25.4322
6.96899	6.08622	2.59808	25.4881
6.97819	6.11032	2.63802	25.5442
6.9874	6.13479	2.67796	25.6006
6.99661	6.15963	2.7179	25.6572
7.00581	6.18483	2.75783	25.714
7.01502	6.2104	2.79777	25.7711
7.02422	6.23634	2.83771	25.8284
7.03343	6.26265	2.87765	25.8859
7.04264	6.28933	2.91759	25.9437
7.05184	6.31637	2.95753	26.0017
7.06105	6.34378	2.99746	26.06
7.07025	6.37156	3.0374	26.1185
7.07946	6.39971	3.07734	26.1773
7.08867	6.42822	3.11728	26.2363
7.09787	6.4571	3.15722	26.2957
7.10708	6.48635	3.19715	26.3552
7.11628	6.51597	3.23709	26.4151
7.12549	6.54595	3.27703	26.4752
7.1347	6.57631	3.31697	26.5356
7.1439	6.60703	3.35691	26.5963
7.15311	6.63811	3.39685	26.6573
7.16231	6.66957	3.43678	26.7185
7.17152	6.70139	3.47672	26.7801
7.18073	6.73358	3.51666	26.8419
7.18993	6.76614	3.5566	26.904
7.19914	6.79907	3.59654	26.9665
7.20834	6.83236	3.63647	27.0292
7.21755	6.86602	3.67641	27.0923
7.22676	6.90005	3.71635	27.1556
7.23596	6.93445	3.75629	27.2193
7.24517	6.96921	3.79623	27.2833
7.25437	7.00435	3.83617	27.3476
7.26358	7.03984	3.8761	27.4123
7.27279	7.07571	3.91604	27.4773
7.28199	7.11195	3.95598	27.5426
7.2912	7.14855	3.99592	27.6082
7.3004	7.18552	4.03586	27.6742
7.30961	7.22286	4.07579	27.7405
7.31882	7.26056	4.11573	27.8072
7.32802	7.29864	4.15567	27.8742
7.33723	7.3367	4.10944	27.9416
7.34644	7.3743	4.05857	28.0093
7.35564	7.41143	4.0077	28.0773
7.36485	7.44809	3.95683	28.1457
7.37405	7.48428	3.90596	28.2145
7.38326	7.52001	3.85509	28.2835
7.39247	7.55526	3.80422	28.3529
7.40167	7.59005	3.75335	28.4226
7.41088	7.62437	3.70249	28.4927
7.42008	7.65822	3.65162	28.563
7.42929	7.69161	3.60075	28.6337
7.4385	7.72452	3.54988	28.7046
7.4477	7.75697	3.49901	28.7759
7.45691	7.78894	3.44814	28.8475
7.46611	7.82045	3.39727	28.9193
7.47532	7.85149	3.3464	28.9915
7.48453	7.88207	3.29553	29.0639
7.49373	7.91217	3.24466	29.1366
7.50294	7.94181	3.19379	29.2096
7.51214	7.97098	3.14292	29.2828
7.52135	7.99968	3.09205	29.3563
7.53056	8.02791	3.04118	29.4301
7.53976	8.05567	2.99032	29.5041
7.54897	8.08297	2.93945	29.5784
7.55817	8.10979	2.88858	29.6529
7.56738	8.13615	2.83771	29.7277
7.57659	8.16204	2.78684	29.8027
7.58579	8.18746	2.73597	29.878
7.595	8.21242	2.6851	29.9535
7.6042	8.2369	2.63423	30.0292
7.61341	8.26092	2.58336	30.1052
7.62262	8.28447	2.53249	30.1813
7.63182	8.30755	2.48162	30.2577
7.64103	8.33016	2.43075	30.3343
7.65024	8.3523	2.37988	30.4111
7.65944	8.37398	2.32901	30.4881
7.66865	8.39518	2.27815	30.5652
7.67785	8.41592	2.22728	30.6426
7.68706	8.43619	2.17641	30.7202
7.69627	8.45599	2.12554	30.798
7.70547	8.47533	2.07467	30.8759
7.71468	8.49419	2.0238	30.954
7.72388	8.51259	1.97293	31.0323
7.73309	8.53052	1.92206	31.1107
7.7423	8.54798	1.87119	31.1893
7.7515	8.56497	1.82032	31.2681
7.76071	8.5815	1.76945	31.347
7.76991	8.59755	1.71858	31.4261
7.77912	8.61314	1.66771	31.5053
7.78833	8.62826	1.61685	31.5847
7.79753	8.64291	1.56598	31.6642
7.80674	8.65709	1.51511	31.7438
7.81594	8.6708	1.46424	31.8236
7.82515	8.68405	1.41337	31.9035
7.83436	8.69683	1.3625	31.9835
7.84356	8.70914	1.31163	32.0636
7.85277	8.72098	1.26076	32.1438
7.86197	8.73235	1.20989	32.2242
7.87118	8.74325	1.15902	32.3046
7.88039	8.75369	1.10815	32.3852
7.88959	8.76366	1.05728	32.4658
7.8988	8.77316	1.00641	32.5465
7.908	8.78219	0.955544	32.6273
7.91721	8.79075	0.904675	32.7082
7.92642	8.79884	0.853806	32.7892
7.93562	8.80647	0.802937	32.8702
7.94483	8.81363	0.752067	32.9513
7.95404	8.82032	0.701198	33.0325
7.96324	8.82654	0.650329	33.1137
7.97245	8.83229	0.59946	33.195
7.98165	8.83758	0.54859	33.2763
7.99086	8.84239	0.497721	33.3577
8.00007	8.84674	0.446852	33.4391
8.00927	8.85062	0.395982	33.5206
8.01848	8.85403	0.345113	33.6021
8.02768	8.85697	0.294244	33.6836
8.03689	8.85945	0.243375	33.7652
8.0461	8.86146	0.192505	33.8467
8.0553	8.86299	0.141636	33.9283
8.06451	8.86406	0.0907668	34.0099
8.07371	8.86466	0.0398975	34.0915
8.08292	8.8648	-0.0109717	34.1731
8.09213	8.86446	-0.061841	34.2548
8.10133	8.86366	-0.11271	34.3364
8.11054	8.86239	-0.16358	34.418
8.11974	8.86065	-0.214449	34.4995
8.12895	8.85844	-0.265318	34.5811
8.13816	8.85576	-0.316187	34.6626
8.14736	8.85262	-0.367057	34.7441
8.15657	8.849	-0.417926	34.8256
8.16577	8.84492	-0.468795	34.9071
8.17498	8.84037	-0.519664	34.9885
8.18419	8.83535	-0.570534	35.0698
8.19339	8.82987	-0.621403	35.1512
8.2026	8.82391	-0.672272	35.2324
8.2118	8.81749	-0.723142	35.3136
8.22101	8.8106	-0.774011	35.3948
8.23022	8.80324	-0.82488	35.4758
8.23942	8.79541	-0.875749	35.5569
8.24863	8.78711	-0.926619	35.6378
8.25784	8.77835	-0.977488	35.7186
8.26704	8.76912	-1.02836	35.7994
8.27625	8.75942	-1.07923	35.8801
8.28545	8.74925	-1.1301	35.9607
8.29466	8.73861	-1.18097	36.0412
8.30387	8.7275	-1.23183	36.1216
8.31307	8.71593	-1.2827	36.2019
8.32228	8.70388	-1.33357	36.2821
8.33148	8.69137	-1.38444	36.3621
8.34069	8.67839	-1.43531	36.4421
8.3499	8.66495	-1.48618	36.5219
8.3591	8.65103	-1.53705	36.6016
8.36831	8.63665	-1.58792	36.6812
8.37751	8.62179	-1.63879	36.7606
8.38672	8.60647	-1.68966	36.8399
8.39593	8.59068	-1.74053	36.9191
8.40513	8.57443	-1.7914	36.9981
8.41434	8.5577	-1.84227	37.077
8.42354	8.54051	-1.89313	37.1557
8.43275	8.52284	-1.944	37.2342
8.44196	8.50471	-1.99487	37.3126
8.45116	8.48611	-2.04574	37.3908
8.46037	8.46705	-2.09661	37.4688
8.46957	8.44751	-2.14748	37.5467
8.47878	8.42751	-2.19835	37.6244
8.48799	8.40703	-2.24922	37.7019
8.49719	8.38615	-2.25629	37.7792
8.5064	8.36588	-2.14673	37.8563
8.5156	8.34662	-2.03717	37.9332
8.52481	8.32837	-1.92762	38.01
8.53402	8.31113	-1.81806	38.0866
8.54322	8.2949	-1.70851	38.163
8.55243	8.27967	-1.59895	38.2393
8.56164	8.26546	-1.48939	38.3154
8.57084	8.25225	-1.37984	38.3915
8.58005	8.24005	-1.27028	38.4674
8.58925	8.22886	-1.16072	38.5432
8.59846	8.21868	-1.05117	38.6189
8.60767	8.20951	-0.94161	38.6945
8.61687	8.20134	-0.832054	38.7701
8.62608	8.19419	-0.722497	38.8455
8.63528	8.18804	-0.612941	38.9209
8.64449	8.1829	-0.503385	38.9963
8.6537	8.17877	-0.393828	39.0716
8.6629	8.17565	-0.284272	39.1469
8.67211	8.17354	-0.174715	39.2221
8.68131	8.17243	-0.0651588	39.2974
8.69052	8.17234	0.0443976	39.3726
8.69973	8.17325	0.153954	39.4478
8.70893	8.17517	0.263511	39.5231
8.71814	8.1781	0.373067	39.5984
8.72734	8.18204	0.482623	39.6737
8.73655	8.18699	0.59218	39.749
8.74576	8.19295	0.701736	39.8244
8.75496	8.19991	0.811293	39.8999
8.76417	8.20788	0.920849	39.9754
8.77337	8.21687	1.03041	40.051
8.78258	8.22686	1.13996	40.1267
8.79179	8.23785	1.24952	40.2025
8.80099	8.24986	1.35907	40.2784
8.8102	8.26288	1.46863	40.3544
8.8194	8.2769	1.57819	40.4305
8.82861	8.29194	1.68774	40.5068
8.83782	8.30798	1.7973	40.5832
8.84702	8.32503	1.90686	40.6598
8.85623	8.34309	2.01641	40.7365
8.86544	8.36215	2.12597	40.8134
8.87464	8.38223	2.23553	40.8904
8.88385	8.40331	2.34508	40.9677
8.89305	8.42541	2.45464	41.0452
8.90226	8.44851	2.5642	41.1228
8.91147	8.47262	2.67375	41.2007
8.92067	8.49774	2.78331	41.2788
8.92988	8.52387	2.89286	41.3572
8.93908	8.551	3.00242	41.4358
8.94829	8.57915	3.11198	41.5146
8.9575	8.6083	3.22153	41.5938
8.9667	8.63846	3.33109	41.6731
8.97591	8.66963	3.44065	41.7528
8.98511	8.70181	3.5502	41.8328
8.99432	8.735	3.65976	41.913
9.00353	8.7692	3.76932	41.9936
9.01273	8.8044	3.87887	42.0745
9.02194	8.84062	3.98843	42.1557
9.03114	8.87784	4.09799	42.2373
9.04035	8.91607	4.20754	42.3192
9.04956	8.95531	4.3171	42.4014
9.05876	8.99555	4.42666	42.4841
9.06797	9.03681	4.53621	42.5671
9.07717	9.07908	4.64577	42.6505
9.08638	9.12235	4.75532	42.7342
9.09559	9.16663	4.86488	42.8184
9.10479	9.21192	4.97444	42.903
9.114	9.25822	5.08399	42.988
9.1232	9.30553	5.19355	43.0735
9.13241	9.35385	5.30311	43.1594
9.14162	9.40317	5.41266	43.2457
9.15082	9.4535	5.52222	43.3325
9.16003	9.50485	5.63178	43.4198
9.16924	9.5572	5.74133	43.5075
9.17844	9.61056	5.85089	43.5957
9.18765	9.66492	5.96045	43.6845
9.19685	9.7203	6.07	43.7737


0	0
0.920606	2.10062
1.84121	3.62348
2.76182	4.60984
3.68242	6.73494
4.60303	11.2707
5.52364	17.2697
6.44424	22.5476
7.36485	28.1457
8.28545	35.9607
